3
0.015 0.15708
201 21
0 0.156434 0.309017 0.45399 0.587785 0.707107 0.809017 0.891007 0.951057 0.987688 1 0.987688 0.951057 0.891007 0.809017 0.707107 0.587785 0.45399 0.309017 0.156434 1.22465e-16 
0 0.154105 0.304416 0.447231 0.579034 0.696579 0.796972 0.877741 0.936897 0.972984 0.985112 0.972984 0.936897 0.877741 0.796972 0.696579 0.579034 0.447231 0.304416 0.154105 1.20641e-16 
0 0.151811 0.299884 0.440573 0.570414 0.686209 0.785107 0.864673 0.922949 0.958498 0.970446 0.958498 0.922949 0.864673 0.785107 0.686209 0.570414 0.440573 0.299884 0.151811 1.18845e-16 
0 0.149551 0.295419 0.434014 0.561921 0.675992 0.773418 0.8518 0.909208 0.944228 0.955997 0.944228 0.909208 0.8518 0.773418 0.675992 0.561921 0.434014 0.295419 0.149551 1.17076e-16 
0 0.147324 0.291021 0.427552 0.553555 0.665928 0.761904 0.839118 0.895671 0.93017 0.941765 0.93017 0.895671 0.839118 0.761904 0.665928 0.553555 0.427552 0.291021 0.147324 1.15333e-16 
0 0.145131 0.286689 0.421187 0.545314 0.656014 0.75056 0.826625 0.882336 0.916321 0.927743 0.916321 0.882336 0.826625 0.75056 0.656014 0.545314 0.421187 0.286689 0.145131 1.13616e-16 
0 0.14297 0.28242 0.414916 0.537195 0.646247 0.739386 0.814319 0.8692 0.902679 0.913931 0.902679 0.8692 0.814319 0.739386 0.646247 0.537195 0.414916 0.28242 0.14297 1.11924e-16 
0 0.140842 0.278216 0.408739 0.529197 0.636626 0.728378 0.802195 0.85626 0.88924 0.900325 0.88924 0.85626 0.802195 0.728378 0.636626 0.529197 0.408739 0.278216 0.140842 1.10258e-16 
0 0.138745 0.274073 0.402653 0.521319 0.627147 0.717534 0.790252 0.843511 0.876001 0.88692 0.876001 0.843511 0.790252 0.717534 0.627147 0.521319 0.402653 0.274073 0.138745 1.08616e-16 
0 0.136679 0.269993 0.396659 0.513557 0.61781 0.706851 0.778487 0.830953 0.862959 0.873716 0.862959 0.830953 0.778487 0.706851 0.61781 0.513557 0.396659 0.269993 0.136679 1.06999e-16 
0 0.134644 0.265973 0.390753 0.505911 0.608612 0.696327 0.766896 0.818582 0.850111 0.860708 0.850111 0.818582 0.766896 0.696327 0.608612 0.505911 0.390753 0.265973 0.134644 1.05406e-16 
0 0.13264 0.262014 0.384936 0.498379 0.599551 0.68596 0.755479 0.806395 0.837455 0.847894 0.837455 0.806395 0.755479 0.68596 0.599551 0.498379 0.384936 0.262014 0.13264 1.03837e-16 
0 0.130665 0.258113 0.379205 0.49096 0.590625 0.675748 0.744231 0.794389 0.824987 0.83527 0.824987 0.794389 0.744231 0.675748 0.590625 0.49096 0.379205 0.258113 0.130665 1.02291e-16 
0 0.12872 0.25427 0.373559 0.48365 0.581832 0.665687 0.733151 0.782562 0.812704 0.822835 0.812704 0.782562 0.733151 0.665687 0.581832 0.48365 0.373559 0.25427 0.12872 1.00768e-16 
0 0.126803 0.250484 0.367998 0.476449 0.57317 0.655776 0.722236 0.770911 0.800605 0.810584 0.800605 0.770911 0.722236 0.655776 0.57317 0.476449 0.367998 0.250484 0.126803 9.92679e-17 
0 0.124915 0.246755 0.362519 0.469356 0.564636 0.646013 0.711483 0.759434 0.788685 0.798516 0.788685 0.759434 0.711483 0.646013 0.564636 0.469356 0.362519 0.246755 0.124915 9.779e-17 
0 0.123056 0.243081 0.357122 0.462368 0.55623 0.636395 0.700891 0.748128 0.776943 0.786628 0.776943 0.748128 0.700891 0.636395 0.55623 0.462368 0.357122 0.243081 0.123056 9.63341e-17 
0 0.121224 0.239462 0.351805 0.455484 0.547949 0.626921 0.690456 0.736989 0.765376 0.774916 0.765376 0.736989 0.690456 0.626921 0.547949 0.455484 0.351805 0.239462 0.121224 9.48999e-17 
0 0.119419 0.235897 0.346567 0.448703 0.539791 0.617587 0.680176 0.726017 0.753981 0.763379 0.753981 0.726017 0.680176 0.617587 0.539791 0.448703 0.346567 0.235897 0.119419 9.3487e-17 
0 0.117641 0.232385 0.341407 0.442023 0.531754 0.608392 0.67005 0.715208 0.742756 0.752014 0.742756 0.715208 0.67005 0.608392 0.531754 0.442023 0.341407 0.232385 0.117641 9.20952e-17 
0 0.11589 0.228925 0.336324 0.435442 0.523838 0.599335 0.660074 0.70456 0.731698 0.740818 0.731698 0.70456 0.660074 0.599335 0.523838 0.435442 0.336324 0.228925 0.11589 9.07241e-17 
0 0.114164 0.225517 0.331317 0.428959 0.516039 0.590412 0.650247 0.69407 0.720804 0.729789 0.720804 0.69407 0.650247 0.590412 0.516039 0.428959 0.331317 0.225517 0.114164 8.93734e-17 
0 0.112464 0.22216 0.326385 0.422573 0.508356 0.581622 0.640566 0.683737 0.710073 0.718924 0.710073 0.683737 0.640566 0.581622 0.508356 0.422573 0.326385 0.22216 0.112464 8.80428e-17 
0 0.11079 0.218852 0.321525 0.416281 0.500787 0.572962 0.631029 0.673558 0.699501 0.70822 0.699501 0.673558 0.631029 0.572962 0.500787 0.416281 0.321525 0.218852 0.11079 8.6732e-17 
0 0.109141 0.215594 0.316738 0.410084 0.493332 0.564432 0.621634 0.66353 0.689087 0.697676 0.689087 0.66353 0.621634 0.564432 0.493332 0.410084 0.316738 0.215594 0.109141 8.54407e-17 
0 0.107516 0.212384 0.312023 0.403979 0.485987 0.556029 0.612379 0.653651 0.678828 0.687289 0.678828 0.653651 0.612379 0.556029 0.485987 0.403979 0.312023 0.212384 0.107516 8.41687e-17 
0 0.105915 0.209222 0.307377 0.397964 0.478752 0.547751 0.603262 0.643919 0.668721 0.677057 0.668721 0.643919 0.603262 0.547751 0.478752 0.397964 0.307377 0.209222 0.105915 8.29156e-17 
0 0.104338 0.206107 0.302801 0.392039 0.471624 0.539596 0.594281 0.634333 0.658765 0.666977 0.658765 0.634333 0.594281 0.539596 0.471624 0.392039 0.302801 0.206107 0.104338 8.16811e-17 
0 0.102785 0.203039 0.298293 0.386202 0.464602 0.531562 0.585433 0.624889 0.648957 0.657047 0.648957 0.624889 0.585433 0.531562 0.464602 0.386202 0.298293 0.203039 0.102785 8.0465e-17 
0 0.101255 0.200016 0.293852 0.380453 0.457685 0.523648 0.576717 0.615585 0.639296 0.647265 0.639296 0.615585 0.576717 0.523648 0.457685 0.380453 0.293852 0.200016 0.101255 7.92671e-17 
0 0.099747 0.197038 0.289477 0.374788 0.450871 0.515852 0.568131 0.60642 0.629778 0.637628 0.629778 0.60642 0.568131 0.515852 0.450871 0.374788 0.289477 0.197038 0.099747 7.80869e-17 
0 0.098262 0.194104 0.285167 0.369209 0.444159 0.508172 0.559672 0.597392 0.620402 0.628135 0.620402 0.597392 0.559672 0.508172 0.444159 0.369209 0.285167 0.194104 0.098262 7.69244e-17 
0 0.096799 0.191215 0.280922 0.363712 0.437546 0.500606 0.55134 0.588498 0.611165 0.618783 0.611165 0.588498 0.55134 0.500606 0.437546 0.363712 0.280922 0.191215 0.096799 7.57791e-17 
0 0.0953579 0.188368 0.276739 0.358297 0.431032 0.493153 0.543132 0.579736 0.602066 0.609571 0.602066 0.579736 0.543132 0.493153 0.431032 0.358297 0.276739 0.188368 0.0953579 7.46509e-17 
0 0.0939382 0.185563 0.272619 0.352962 0.424614 0.485811 0.535045 0.571105 0.593102 0.600496 0.593102 0.571105 0.535045 0.485811 0.424614 0.352962 0.272619 0.185563 0.0939382 7.35395e-17 
0 0.0925396 0.182801 0.268561 0.347708 0.418293 0.478578 0.52708 0.562603 0.584272 0.591555 0.584272 0.562603 0.52708 0.478578 0.418293 0.347708 0.268561 0.182801 0.0925396 7.24446e-17 
0 0.0911619 0.180079 0.264562 0.342531 0.412065 0.471453 0.519232 0.554227 0.575574 0.582748 0.575574 0.554227 0.519232 0.471453 0.412065 0.342531 0.264562 0.180079 0.0911619 7.13661e-17 
0 0.0898047 0.177398 0.260623 0.337431 0.40593 0.464434 0.511502 0.545975 0.567004 0.574072 0.567004 0.545975 0.511502 0.464434 0.40593 0.337431 0.260623 0.177398 0.0898047 7.03036e-17 
0 0.0884677 0.174757 0.256743 0.332408 0.399887 0.45752 0.503887 0.537847 0.558563 0.565525 0.558563 0.537847 0.503887 0.45752 0.399887 0.332408 0.256743 0.174757 0.0884677 6.92569e-17 
0 0.0871506 0.172155 0.252921 0.327459 0.393933 0.450708 0.496385 0.529839 0.550247 0.557106 0.550247 0.529839 0.496385 0.450708 0.393933 0.327459 0.252921 0.172155 0.0871506 6.82258e-17 
0 0.0858531 0.169592 0.249155 0.322583 0.388068 0.443998 0.488995 0.521951 0.542055 0.548812 0.542055 0.521951 0.488995 0.443998 0.388068 0.322583 0.249155 0.169592 0.0858531 6.721e-17 
0 0.0845749 0.167067 0.245446 0.317781 0.382291 0.437388 0.481715 0.51418 0.533985 0.540641 0.533985 0.51418 0.481715 0.437388 0.382291 0.317781 0.245446 0.167067 0.0845749 6.62094e-17 
0 0.0833157 0.16458 0.241792 0.31305 0.376599 0.430876 0.474543 0.506525 0.526035 0.532592 0.526035 0.506525 0.474543 0.430876 0.376599 0.31305 0.241792 0.16458 0.0833157 6.52237e-17 
0 0.0820753 0.16213 0.238192 0.308389 0.370992 0.424461 0.467478 0.498984 0.518203 0.524663 0.518203 0.498984 0.467478 0.424461 0.370992 0.308389 0.238192 0.16213 0.0820753 6.42526e-17 
0 0.0808534 0.159716 0.234646 0.303798 0.365469 0.418142 0.460518 0.491555 0.510488 0.516851 0.510488 0.491555 0.460518 0.418142 0.365469 0.303798 0.234646 0.159716 0.0808534 6.3296e-17 
0 0.0796496 0.157338 0.231152 0.299275 0.360028 0.411916 0.453662 0.484237 0.502888 0.509156 0.502888 0.484237 0.453662 0.411916 0.360028 0.299275 0.231152 0.157338 0.0796496 6.23537e-17 
0 0.0784638 0.154996 0.227711 0.294819 0.354668 0.405784 0.446908 0.477027 0.495401 0.501576 0.495401 0.477027 0.446908 0.405784 0.354668 0.294819 0.227711 0.154996 0.0784638 6.14254e-17 
0 0.0772956 0.152688 0.224321 0.29043 0.349388 0.399742 0.440254 0.469925 0.488025 0.494109 0.488025 0.469925 0.440254 0.399742 0.349388 0.29043 0.224321 0.152688 0.0772956 6.05108e-17 
0 0.0761448 0.150415 0.220981 0.286106 0.344186 0.393791 0.433699 0.462929 0.48076 0.486752 0.48076 0.462929 0.433699 0.393791 0.344186 0.286106 0.220981 0.150415 0.0761448 5.961e-17 
0 0.0750112 0.148175 0.217691 0.281846 0.339062 0.387928 0.427242 0.456037 0.473602 0.479505 0.473602 0.456037 0.427242 0.387928 0.339062 0.281846 0.217691 0.148175 0.0750112 5.87225e-17 
0 0.0738944 0.145969 0.21445 0.27765 0.334014 0.382153 0.420882 0.449247 0.466551 0.472367 0.466551 0.449247 0.420882 0.382153 0.334014 0.27765 0.21445 0.145969 0.0738944 5.78482e-17 
0 0.0727943 0.143796 0.211257 0.273516 0.329041 0.376463 0.414616 0.442559 0.459605 0.465334 0.459605 0.442559 0.414616 0.376463 0.329041 0.273516 0.211257 0.143796 0.0727943 5.6987e-17 
0 0.0717105 0.141655 0.208112 0.269444 0.324142 0.370858 0.408443 0.43597 0.452762 0.458406 0.452762 0.43597 0.408443 0.370858 0.324142 0.269444 0.208112 0.141655 0.0717105 5.61385e-17 
0 0.0706429 0.139546 0.205014 0.265433 0.319316 0.365337 0.402362 0.429479 0.446022 0.451581 0.446022 0.429479 0.402362 0.365337 0.319316 0.265433 0.205014 0.139546 0.0706429 5.53028e-17 
0 0.0695911 0.137469 0.201961 0.261481 0.314562 0.359898 0.396371 0.423085 0.439381 0.444858 0.439381 0.423085 0.396371 0.359898 0.314562 0.261481 0.201961 0.137469 0.0695911 5.44794e-17 
0 0.0685551 0.135422 0.198955 0.257588 0.309879 0.35454 0.39047 0.416786 0.43284 0.438235 0.43284 0.416786 0.39047 0.35454 0.309879 0.257588 0.198955 0.135422 0.0685551 5.36683e-17 
0 0.0675344 0.133406 0.195992 0.253753 0.305265 0.349261 0.384657 0.410581 0.426395 0.431711 0.426395 0.410581 0.384657 0.349261 0.305265 0.253753 0.195992 0.133406 0.0675344 5.28693e-17 
0 0.0665289 0.13142 0.193075 0.249975 0.300721 0.344061 0.37893 0.404468 0.420047 0.425283 0.420047 0.404468 0.37893 0.344061 0.300721 0.249975 0.193075 0.13142 0.0665289 5.20822e-17 
0 0.0655385 0.129463 0.1902 0.246254 0.296243 0.338939 0.373289 0.398447 0.413794 0.418952 0.413794 0.398447 0.373289 0.338939 0.296243 0.246254 0.1902 0.129463 0.0655385 5.13068e-17 
0 0.0645627 0.127536 0.187368 0.242587 0.291833 0.333893 0.367731 0.392515 0.407633 0.412714 0.407633 0.392515 0.367731 0.333893 0.291833 0.242587 0.187368 0.127536 0.0645627 5.05429e-17 
0 0.0636015 0.125637 0.184579 0.238976 0.287488 0.328922 0.362256 0.386671 0.401564 0.40657 0.401564 0.386671 0.362256 0.328922 0.287488 0.238976 0.184579 0.125637 0.0636015 4.97904e-17 
0 0.0626546 0.123766 0.181831 0.235418 0.283208 0.324025 0.356863 0.380914 0.395586 0.400517 0.395586 0.380914 0.356863 0.324025 0.283208 0.235418 0.181831 0.123766 0.0626546 4.90491e-17 
0 0.0617218 0.121924 0.179124 0.231913 0.278992 0.319201 0.35155 0.375243 0.389696 0.394554 0.389696 0.375243 0.35155 0.319201 0.278992 0.231913 0.179124 0.121924 0.0617218 4.83189e-17 
0 0.0608029 0.120109 0.176457 0.22846 0.274838 0.314448 0.346316 0.369656 0.383894 0.38868 0.383894 0.369656 0.346316 0.314448 0.274838 0.22846 0.176457 0.120109 0.0608029 4.75995e-17 
0 0.0598976 0.11832 0.17383 0.225059 0.270746 0.309767 0.34116 0.364153 0.378179 0.382893 0.378179 0.364153 0.34116 0.309767 0.270746 0.225059 0.17383 0.11832 0.0598976 4.68909e-17 
0 0.0590059 0.116559 0.171242 0.221708 0.266715 0.305155 0.336081 0.358731 0.372548 0.377192 0.372548 0.358731 0.336081 0.305155 0.266715 0.221708 0.171242 0.116559 0.0590059 4.61927e-17 
0 0.0581274 0.114824 0.168692 0.218407 0.262744 0.300612 0.331077 0.35339 0.367002 0.371577 0.367002 0.35339 0.331077 0.300612 0.262744 0.218407 0.168692 0.114824 0.0581274 4.5505e-17 
0 0.057262 0.113114 0.166181 0.215156 0.258833 0.296136 0.326148 0.348129 0.361538 0.366045 0.361538 0.348129 0.326148 0.296136 0.258833 0.215156 0.166181 0.113114 0.057262 4.48275e-17 
0 0.0564095 0.11143 0.163707 0.211952 0.254979 0.291727 0.321292 0.342946 0.356155 0.360595 0.356155 0.342946 0.321292 0.291727 0.254979 0.211952 0.163707 0.11143 0.0564095 4.41601e-17 
0 0.0555696 0.109771 0.161269 0.208797 0.251183 0.287384 0.316509 0.33784 0.350853 0.355226 0.350853 0.33784 0.316509 0.287384 0.251183 0.208797 0.161269 0.109771 0.0555696 4.35027e-17 
0 0.0547423 0.108137 0.158868 0.205688 0.247443 0.283106 0.311797 0.332811 0.345629 0.349938 0.345629 0.332811 0.311797 0.283106 0.247443 0.205688 0.158868 0.108137 0.0547423 4.2855e-17 
0 0.0539273 0.106527 0.156503 0.202626 0.243759 0.278891 0.307155 0.327856 0.340484 0.344728 0.340484 0.327856 0.307155 0.278891 0.243759 0.202626 0.156503 0.106527 0.0539273 4.2217e-17 
0 0.0531244 0.104941 0.154173 0.199609 0.24013 0.274739 0.302582 0.322975 0.335415 0.339596 0.335415 0.322975 0.302582 0.274739 0.24013 0.199609 0.154173 0.104941 0.0531244 4.15885e-17 
0 0.0523335 0.103378 0.151878 0.196637 0.236555 0.270648 0.298077 0.318166 0.330421 0.33454 0.330421 0.318166 0.298077 0.270648 0.236555 0.196637 0.151878 0.103378 0.0523335 4.09693e-17 
0 0.0515544 0.101839 0.149617 0.19371 0.233033 0.266619 0.293639 0.313429 0.325502 0.329559 0.325502 0.313429 0.293639 0.266619 0.233033 0.19371 0.149617 0.101839 0.0515544 4.03593e-17 
0 0.0507868 0.100323 0.147389 0.190826 0.229564 0.262649 0.289267 0.308763 0.320655 0.324652 0.320655 0.308763 0.289267 0.262649 0.229564 0.190826 0.147389 0.100323 0.0507868 3.97585e-17 
0 0.0500307 0.0988295 0.145195 0.187985 0.226146 0.258739 0.284961 0.304166 0.315882 0.319819 0.315882 0.304166 0.284961 0.258739 0.226146 0.187985 0.145195 0.0988295 0.0500307 3.91665e-17 
0 0.0492859 0.0973581 0.143033 0.185186 0.222779 0.254887 0.280718 0.299638 0.311179 0.315058 0.311179 0.299638 0.280718 0.254887 0.222779 0.185186 0.143033 0.0973581 0.0492859 3.85834e-17 
0 0.0485521 0.0959087 0.140904 0.182429 0.219463 0.251092 0.276539 0.295177 0.306546 0.310367 0.306546 0.295177 0.276539 0.251092 0.219463 0.182429 0.140904 0.0959087 0.0485521 3.8009e-17 
0 0.0478292 0.0944808 0.138806 0.179713 0.216195 0.247354 0.272422 0.290782 0.301982 0.305746 0.301982 0.290782 0.272422 0.247354 0.216195 0.179713 0.138806 0.0944808 0.0478292 3.74431e-17 
0 0.0471172 0.0930741 0.136739 0.177038 0.212976 0.243671 0.268366 0.286453 0.297486 0.301194 0.297486 0.286453 0.268366 0.243671 0.212976 0.177038 0.136739 0.0930741 0.0471172 3.68857e-17 
0 0.0464157 0.0916884 0.134704 0.174402 0.209806 0.240043 0.264371 0.282188 0.293057 0.29671 0.293057 0.282188 0.264371 0.240043 0.209806 0.174402 0.134704 0.0916884 0.0464157 3.63365e-17 
0 0.0457246 0.0903234 0.132698 0.171805 0.206682 0.23647 0.260435 0.277987 0.288694 0.292293 0.288694 0.277987 0.260435 0.23647 0.206682 0.171805 0.132698 0.0903234 0.0457246 3.57955e-17 
0 0.0450439 0.0889786 0.130722 0.169247 0.203605 0.232949 0.256557 0.273848 0.284396 0.287941 0.284396 0.273848 0.256557 0.232949 0.203605 0.169247 0.130722 0.0889786 0.0450439 3.52626e-17 
0 0.0443733 0.0876539 0.128776 0.166728 0.200574 0.229481 0.252738 0.269771 0.280162 0.283654 0.280162 0.269771 0.252738 0.229481 0.200574 0.166728 0.128776 0.0876539 0.0443733 3.47376e-17 
0 0.0437126 0.0863489 0.126859 0.164245 0.197588 0.226064 0.248975 0.265755 0.275991 0.279431 0.275991 0.265755 0.248975 0.226064 0.197588 0.164245 0.126859 0.0863489 0.0437126 3.42204e-17 
0 0.0430618 0.0850634 0.12497 0.1618 0.194646 0.222699 0.245268 0.261798 0.271882 0.275271 0.271882 0.261798 0.245268 0.222699 0.194646 0.1618 0.12497 0.0850634 0.0430618 3.37109e-17 
0 0.0424207 0.0837969 0.12311 0.159391 0.191748 0.219383 0.241616 0.2579 0.267834 0.271173 0.267834 0.2579 0.241616 0.219383 0.191748 0.159391 0.12311 0.0837969 0.0424207 3.32091e-17 
0 0.0417892 0.0825493 0.121277 0.157018 0.188893 0.216117 0.238019 0.254061 0.263846 0.267135 0.263846 0.254061 0.238019 0.216117 0.188893 0.157018 0.121277 0.0825493 0.0417892 3.27146e-17 
0 0.041167 0.0813203 0.119471 0.15468 0.186081 0.212899 0.234476 0.250278 0.259918 0.263158 0.259918 0.250278 0.234476 0.212899 0.186081 0.15468 0.119471 0.0813203 0.041167 3.22276e-17 
0 0.0405541 0.0801096 0.117693 0.152378 0.183311 0.20973 0.230985 0.246552 0.256049 0.25924 0.256049 0.246552 0.230985 0.20973 0.183311 0.152378 0.117693 0.0801096 0.0405541 3.17478e-17 
0 0.0399503 0.078917 0.11594 0.150109 0.180581 0.206607 0.227546 0.242881 0.252237 0.255381 0.252237 0.242881 0.227546 0.206607 0.180581 0.150109 0.11594 0.078917 0.0399503 3.12751e-17 
0 0.0393556 0.077742 0.114214 0.147874 0.177893 0.203531 0.224158 0.239265 0.248481 0.251579 0.248481 0.239265 0.224158 0.203531 0.177893 0.147874 0.114214 0.077742 0.0393556 3.08095e-17 
0 0.0387696 0.0765846 0.112514 0.145673 0.175244 0.200501 0.220821 0.235703 0.244782 0.247833 0.244782 0.235703 0.220821 0.200501 0.175244 0.145673 0.112514 0.0765846 0.0387696 3.03508e-17 
0 0.0381924 0.0754444 0.110839 0.143504 0.172635 0.197516 0.217533 0.232194 0.241137 0.244143 0.241137 0.232194 0.217533 0.197516 0.172635 0.143504 0.110839 0.0754444 0.0381924 2.98989e-17 
0 0.0376238 0.0743212 0.109189 0.141367 0.170065 0.194575 0.214295 0.228737 0.237547 0.240508 0.237547 0.228737 0.214295 0.194575 0.170065 0.141367 0.109189 0.0743212 0.0376238 2.94538e-17 
0 0.0370637 0.0732147 0.107563 0.139263 0.167533 0.191679 0.211104 0.225332 0.234011 0.236928 0.234011 0.225332 0.211104 0.191679 0.167533 0.139263 0.107563 0.0732147 0.0370637 2.90153e-17 
0 0.0365119 0.0721247 0.105962 0.137189 0.165039 0.188825 0.207961 0.221977 0.230527 0.2334 0.230527 0.221977 0.207961 0.188825 0.165039 0.137189 0.105962 0.0721247 0.0365119 2.85833e-17 
0 0.0359683 0.0710509 0.104384 0.135147 0.162582 0.186014 0.204865 0.218672 0.227095 0.229925 0.227095 0.218672 0.204865 0.186014 0.162582 0.135147 0.104384 0.0710509 0.0359683 2.81578e-17 
0 0.0354328 0.0699931 0.10283 0.133135 0.160161 0.183244 0.201815 0.215417 0.223714 0.226502 0.223714 0.215417 0.201815 0.183244 0.160161 0.133135 0.10283 0.0699931 0.0354328 2.77385e-17 
0 0.0349052 0.068951 0.101299 0.131153 0.157777 0.180516 0.19881 0.212209 0.220383 0.22313 0.220383 0.212209 0.19881 0.180516 0.157777 0.131153 0.101299 0.068951 0.0349052 2.73256e-17 
0 0.0343856 0.0679245 0.0997908 0.1292 0.155428 0.177829 0.195851 0.20905 0.217102 0.219808 0.217102 0.20905 0.195851 0.177829 0.155428 0.1292 0.0997908 0.0679245 0.0343856 2.69187e-17 
0 0.0338736 0.0669132 0.0983051 0.127276 0.153114 0.175181 0.192935 0.205938 0.21387 0.216536 0.21387 0.205938 0.192935 0.175181 0.153114 0.127276 0.0983051 0.0669132 0.0338736 2.6518e-17 
0 0.0333693 0.065917 0.0968416 0.125382 0.150834 0.172573 0.190062 0.202872 0.210686 0.213312 0.210686 0.202872 0.190062 0.172573 0.150834 0.125382 0.0968416 0.065917 0.0333693 2.61232e-17 
0 0.0328725 0.0649356 0.0953998 0.123515 0.148589 0.170004 0.187233 0.199851 0.207549 0.210136 0.207549 0.199851 0.187233 0.170004 0.148589 0.123515 0.0953998 0.0649356 0.0328725 2.57342e-17 
0 0.0323831 0.0639689 0.0939795 0.121676 0.146376 0.167473 0.184445 0.196876 0.204459 0.207008 0.204459 0.196876 0.184445 0.167473 0.146376 0.121676 0.0939795 0.0639689 0.0323831 2.53511e-17 
0 0.031901 0.0630165 0.0925803 0.119864 0.144197 0.164979 0.181699 0.193945 0.201415 0.203926 0.201415 0.193945 0.181699 0.164979 0.144197 0.119864 0.0925803 0.0630165 0.031901 2.49737e-17 
0 0.0314261 0.0620783 0.0912019 0.11808 0.14205 0.162523 0.178994 0.191057 0.198416 0.20089 0.198416 0.191057 0.178994 0.162523 0.14205 0.11808 0.0912019 0.0620783 0.0314261 2.46019e-17 
0 0.0309582 0.0611541 0.0898441 0.116322 0.139936 0.160103 0.176329 0.188213 0.195462 0.197899 0.195462 0.188213 0.176329 0.160103 0.139936 0.116322 0.0898441 0.0611541 0.0309582 2.42356e-17 
0 0.0304973 0.0602436 0.0885065 0.11459 0.137852 0.15772 0.173704 0.185411 0.192552 0.194952 0.192552 0.185411 0.173704 0.15772 0.137852 0.11459 0.0885065 0.0602436 0.0304973 2.38748e-17 
0 0.0300432 0.0593467 0.0871888 0.112884 0.1358 0.155372 0.171118 0.18265 0.189685 0.19205 0.189685 0.18265 0.171118 0.155372 0.1358 0.112884 0.0871888 0.0593467 0.0300432 2.35193e-17 
0 0.0295959 0.0584631 0.0858908 0.111203 0.133778 0.153058 0.16857 0.179931 0.186861 0.189191 0.186861 0.179931 0.16857 0.153058 0.133778 0.111203 0.0858908 0.0584631 0.0295959 2.31692e-17 
0 0.0291553 0.0575927 0.084612 0.109548 0.131786 0.15078 0.16606 0.177252 0.184079 0.186374 0.184079 0.177252 0.16606 0.15078 0.131786 0.109548 0.084612 0.0575927 0.0291553 2.28242e-17 
0 0.0287212 0.0567353 0.0833523 0.107917 0.129824 0.148535 0.163588 0.174613 0.181339 0.183599 0.181339 0.174613 0.163588 0.148535 0.129824 0.107917 0.0833523 0.0567353 0.0287212 2.24844e-17 
0 0.0282936 0.0558906 0.0821114 0.10631 0.127891 0.146323 0.161153 0.172014 0.178639 0.180866 0.178639 0.172014 0.161153 0.146323 0.127891 0.10631 0.0821114 0.0558906 0.0282936 2.21497e-17 
0 0.0278724 0.0550585 0.0808889 0.104727 0.125987 0.144145 0.158753 0.169453 0.175979 0.178173 0.175979 0.169453 0.158753 0.144145 0.125987 0.104727 0.0808889 0.0550585 0.0278724 2.18199e-17 
0 0.0274574 0.0542388 0.0796846 0.103168 0.124112 0.141999 0.15639 0.16693 0.173359 0.17552 0.173359 0.16693 0.15639 0.141999 0.124112 0.103168 0.0796846 0.0542388 0.0274574 2.1495e-17 
0 0.0270487 0.0534313 0.0784982 0.101632 0.122264 0.139885 0.154061 0.164445 0.170778 0.172907 0.170778 0.164445 0.154061 0.139885 0.122264 0.101632 0.0784982 0.0534313 0.0270487 2.1175e-17 
0 0.0266459 0.0526358 0.0773296 0.100119 0.120444 0.137802 0.151768 0.161996 0.168236 0.170333 0.168236 0.161996 0.151768 0.137802 0.120444 0.100119 0.0773296 0.0526358 0.0266459 2.08598e-17 
0 0.0262492 0.0518521 0.0761783 0.0986286 0.11865 0.135751 0.149508 0.159584 0.165731 0.167797 0.165731 0.159584 0.149508 0.135751 0.11865 0.0986286 0.0761783 0.0518521 0.0262492 2.05492e-17 
0 0.0258584 0.0510802 0.0750441 0.0971602 0.116884 0.13373 0.147282 0.157209 0.163264 0.165299 0.163264 0.157209 0.147282 0.13373 0.116884 0.0971602 0.0750441 0.0510802 0.0258584 2.02433e-17 
0 0.0254735 0.0503197 0.0739269 0.0957137 0.115144 0.131739 0.14509 0.154868 0.160833 0.162838 0.160833 0.154868 0.14509 0.131739 0.115144 0.0957137 0.0739269 0.0503197 0.0254735 1.99419e-17 
0 0.0250942 0.0495705 0.0728262 0.0942887 0.11343 0.129777 0.14293 0.152562 0.158439 0.160414 0.158439 0.152562 0.14293 0.129777 0.11343 0.0942887 0.0728262 0.0495705 0.0250942 1.9645e-17 
0 0.0247206 0.0488325 0.071742 0.092885 0.111741 0.127845 0.140802 0.150291 0.15608 0.158025 0.15608 0.150291 0.140802 0.127845 0.111741 0.092885 0.071742 0.0488325 0.0247206 1.93525e-17 
0 0.0243526 0.0481055 0.0706739 0.0915021 0.110077 0.125942 0.138705 0.148053 0.153756 0.155673 0.153756 0.148053 0.138705 0.125942 0.110077 0.0915021 0.0706739 0.0481055 0.0243526 1.90644e-17 
0 0.02399 0.0473893 0.0696217 0.0901398 0.108438 0.124067 0.13664 0.145849 0.151467 0.153355 0.151467 0.145849 0.13664 0.124067 0.108438 0.0901398 0.0696217 0.0473893 0.02399 1.87806e-17 
0 0.0236328 0.0466838 0.0685852 0.0887978 0.106824 0.12222 0.134606 0.143678 0.149212 0.151072 0.149212 0.143678 0.134606 0.12222 0.106824 0.0887978 0.0685852 0.0466838 0.0236328 1.8501e-17 
0 0.023281 0.0459887 0.0675641 0.0874758 0.105233 0.1204 0.132602 0.141539 0.14699 0.148823 0.14699 0.141539 0.132602 0.1204 0.105233 0.0874758 0.0675641 0.0459887 0.023281 1.82255e-17 
0 0.0229344 0.045304 0.0665582 0.0861734 0.103667 0.118608 0.130628 0.139432 0.144802 0.146607 0.144802 0.139432 0.130628 0.118608 0.103667 0.0861734 0.0665582 0.045304 0.0229344 1.79542e-17 
0 0.0225929 0.0446296 0.0655672 0.0848905 0.102123 0.116842 0.128683 0.137356 0.142646 0.144424 0.142646 0.137356 0.128683 0.116842 0.102123 0.0848905 0.0655672 0.0446296 0.0225929 1.76869e-17 
0 0.0222566 0.0439651 0.0645911 0.0836266 0.100603 0.115102 0.126767 0.135311 0.140522 0.142274 0.140522 0.135311 0.126767 0.115102 0.100603 0.0836266 0.0645911 0.0439651 0.0222566 1.74235e-17 
0 0.0219252 0.0433106 0.0636294 0.0823816 0.0991052 0.113388 0.12488 0.133296 0.13843 0.140156 0.13843 0.133296 0.12488 0.113388 0.0991052 0.0823816 0.0636294 0.0433106 0.0219252 1.71641e-17 
0 0.0215988 0.0426657 0.0626821 0.0811551 0.0976297 0.1117 0.123021 0.131312 0.136369 0.138069 0.136369 0.131312 0.123021 0.1117 0.0976297 0.0811551 0.0626821 0.0426657 0.0215988 1.69086e-17 
0 0.0212772 0.0420305 0.0617489 0.0799468 0.0961762 0.110037 0.121189 0.129357 0.134339 0.136014 0.134339 0.129357 0.121189 0.110037 0.0961762 0.0799468 0.0617489 0.0420305 0.0212772 1.66569e-17 
0 0.0209604 0.0414048 0.0608296 0.0787566 0.0947443 0.108399 0.119385 0.127431 0.132339 0.133989 0.132339 0.127431 0.119385 0.108399 0.0947443 0.0787566 0.0608296 0.0414048 0.0209604 1.64089e-17 
0 0.0206484 0.0407883 0.059924 0.077584 0.0933337 0.106785 0.117607 0.125534 0.130369 0.131994 0.130369 0.125534 0.117607 0.106785 0.0933337 0.077584 0.059924 0.0407883 0.0206484 1.61646e-17 
0 0.020341 0.0401811 0.0590318 0.076429 0.0919442 0.105195 0.115856 0.123665 0.128428 0.130029 0.128428 0.123665 0.115856 0.105195 0.0919442 0.076429 0.0590318 0.0401811 0.020341 1.59239e-17 
0 0.0200381 0.0395829 0.0581529 0.0752911 0.0905753 0.103629 0.114132 0.121824 0.126516 0.128093 0.126516 0.121824 0.114132 0.103629 0.0905753 0.0752911 0.0581529 0.0395829 0.0200381 1.56868e-17 
0 0.0197398 0.0389936 0.0572871 0.0741701 0.0892268 0.102086 0.112432 0.12001 0.124632 0.126186 0.124632 0.12001 0.112432 0.102086 0.0892268 0.0741701 0.0572871 0.0389936 0.0197398 1.54533e-17 
0 0.0194459 0.038413 0.0564343 0.0730659 0.0878984 0.100567 0.110758 0.118223 0.122777 0.124307 0.122777 0.118223 0.110758 0.100567 0.0878984 0.0730659 0.0564343 0.038413 0.0194459 1.52232e-17 
0 0.0191564 0.0378411 0.0555941 0.0719781 0.0865898 0.0990693 0.109109 0.116463 0.120949 0.122456 0.120949 0.116463 0.109109 0.0990693 0.0865898 0.0719781 0.0555941 0.0378411 0.0191564 1.49966e-17 
0 0.0188712 0.0372777 0.0547664 0.0709065 0.0853006 0.0975944 0.107485 0.114729 0.119148 0.120633 0.119148 0.114729 0.107485 0.0975944 0.0853006 0.0709065 0.0547664 0.0372777 0.0188712 1.47733e-17 
0 0.0185902 0.0367227 0.053951 0.0698508 0.0840307 0.0961414 0.105885 0.113021 0.117374 0.118837 0.117374 0.113021 0.105885 0.0961414 0.0840307 0.0698508 0.053951 0.0367227 0.0185902 1.45534e-17 
0 0.0183135 0.036176 0.0531478 0.0688109 0.0827796 0.09471 0.104308 0.111338 0.115627 0.117068 0.115627 0.111338 0.104308 0.09471 0.0827796 0.0688109 0.0531478 0.036176 0.0183135 1.43367e-17 
0 0.0180408 0.0356374 0.0523565 0.0677864 0.0815472 0.0933 0.102755 0.109681 0.113905 0.115325 0.113905 0.109681 0.102755 0.0933 0.0815472 0.0677864 0.0523565 0.0356374 0.0180408 1.41233e-17 
0 0.0177722 0.0351069 0.051577 0.0667772 0.0803331 0.0919109 0.101226 0.108048 0.112209 0.113608 0.112209 0.108048 0.101226 0.0919109 0.0803331 0.0667772 0.051577 0.0351069 0.0177722 1.3913e-17 
0 0.0175076 0.0345842 0.0508091 0.065783 0.0791371 0.0905426 0.0997186 0.106439 0.110539 0.111917 0.110539 0.106439 0.0997186 0.0905426 0.0791371 0.065783 0.0508091 0.0345842 0.0175076 1.37058e-17 
0 0.017247 0.0340693 0.0500527 0.0648036 0.0779589 0.0891945 0.0982339 0.104854 0.108893 0.110251 0.108893 0.104854 0.0982339 0.0891945 0.0779589 0.0648036 0.0500527 0.0340693 0.017247 1.35018e-17 
0 0.0169902 0.0335621 0.0493075 0.0638388 0.0767982 0.0878666 0.0967714 0.103293 0.107272 0.108609 0.107272 0.103293 0.0967714 0.0878666 0.0767982 0.0638388 0.0493075 0.0335621 0.0169902 1.33008e-17 
0 0.0167373 0.0330624 0.0485734 0.0628884 0.0756549 0.0865585 0.0953307 0.101756 0.105675 0.106992 0.105675 0.101756 0.0953307 0.0865585 0.0756549 0.0628884 0.0485734 0.0330624 0.0167373 1.31028e-17 
0 0.0164881 0.0325702 0.0478502 0.0619521 0.0745285 0.0852698 0.0939114 0.100241 0.104102 0.105399 0.104102 0.100241 0.0939114 0.0852698 0.0745285 0.0619521 0.0478502 0.0325702 0.0164881 1.29077e-17 
0 0.0162426 0.0320852 0.0471378 0.0610298 0.0734189 0.0840003 0.0925132 0.0987482 0.102552 0.10383 0.102552 0.0987482 0.0925132 0.0840003 0.0734189 0.0610298 0.0471378 0.0320852 0.0162426 1.27155e-17 
0 0.0160008 0.0316076 0.0464361 0.0601211 0.0723259 0.0827497 0.0911359 0.0972781 0.101025 0.102284 0.101025 0.0972781 0.0911359 0.0827497 0.0723259 0.0601211 0.0464361 0.0316076 0.0160008 1.25262e-17 
0 0.0157626 0.031137 0.0457447 0.0592261 0.0712491 0.0815177 0.0897791 0.0958298 0.0995209 0.100761 0.0995209 0.0958298 0.0897791 0.0815177 0.0712491 0.0592261 0.0457447 0.031137 0.0157626 1.23397e-17 
0 0.0155279 0.0306734 0.0450637 0.0583443 0.0701883 0.080304 0.0884424 0.0944031 0.0980392 0.0992613 0.0980392 0.0944031 0.0884424 0.080304 0.0701883 0.0583443 0.0450637 0.0306734 0.0155279 1.2156e-17 
0 0.0152967 0.0302167 0.0443928 0.0574757 0.0691433 0.0791085 0.0871257 0.0929976 0.0965796 0.0977834 0.0965796 0.0929976 0.0871257 0.0791085 0.0691433 0.0574757 0.0443928 0.0302167 0.0152967 1.1975e-17 
0 0.015069 0.0297669 0.0437318 0.05662 0.0681139 0.0779307 0.0858286 0.091613 0.0951417 0.0963276 0.0951417 0.091613 0.0858286 0.0779307 0.0681139 0.05662 0.0437318 0.0297669 0.015069 1.17967e-17 
0 0.0148446 0.0293237 0.0430808 0.055777 0.0670998 0.0767705 0.0845507 0.0902491 0.0937252 0.0948935 0.0937252 0.0902491 0.0845507 0.0767705 0.0670998 0.055777 0.0430808 0.0293237 0.0148446 1.16211e-17 
0 0.0146236 0.0288871 0.0424394 0.0549466 0.0661009 0.0756275 0.0832919 0.0889055 0.0923298 0.0934807 0.0923298 0.0889055 0.0832919 0.0756275 0.0661009 0.0549466 0.0424394 0.0288871 0.0146236 1.14481e-17 
0 0.0144059 0.0284571 0.0418075 0.0541285 0.0651167 0.0745015 0.0820519 0.0875818 0.0909552 0.092089 0.0909552 0.0875818 0.0820519 0.0745015 0.0651167 0.0541285 0.0418075 0.0284571 0.0144059 1.12776e-17 
0 0.0141914 0.0280334 0.0411851 0.0533227 0.0641473 0.0733924 0.0808303 0.0862779 0.0896011 0.090718 0.0896011 0.0862779 0.0808303 0.0733924 0.0641473 0.0533227 0.0411851 0.0280334 0.0141914 1.11097e-17 
0 0.0139801 0.027616 0.0405719 0.0525288 0.0631923 0.0722997 0.0796269 0.0849934 0.0882671 0.0893673 0.0882671 0.0849934 0.0796269 0.0722997 0.0631923 0.0525288 0.0405719 0.027616 0.0139801 1.09443e-17 
0 0.013772 0.0272049 0.0399679 0.0517468 0.0622514 0.0712233 0.0784414 0.083728 0.086953 0.0880368 0.086953 0.083728 0.0784414 0.0712233 0.0622514 0.0517468 0.0399679 0.0272049 0.013772 1.07814e-17 
0 0.013567 0.0267998 0.0393728 0.0509763 0.0613246 0.0701629 0.0772736 0.0824815 0.0856584 0.0867261 0.0856584 0.0824815 0.0772736 0.0701629 0.0613246 0.0509763 0.0393728 0.0267998 0.013567 1.06209e-17 
0 0.013365 0.0264009 0.0387867 0.0502174 0.0604116 0.0691183 0.0761231 0.0812535 0.0843831 0.085435 0.0843831 0.0812535 0.0761231 0.0691183 0.0604116 0.0502174 0.0387867 0.0264009 0.013365 1.04628e-17 
0 0.013166 0.0260078 0.0382092 0.0494698 0.0595122 0.0680893 0.0749898 0.0800438 0.0831268 0.084163 0.0831268 0.0800438 0.0749898 0.0680893 0.0595122 0.0494698 0.0382092 0.0260078 0.013166 1.0307e-17 
0 0.01297 0.0256206 0.0376403 0.0487333 0.0586262 0.0670756 0.0738733 0.0788521 0.0818892 0.08291 0.0818892 0.0788521 0.0738733 0.0670756 0.0586262 0.0487333 0.0376403 0.0256206 0.01297 1.01535e-17 
0 0.0127769 0.0252391 0.0370799 0.0480077 0.0577534 0.0660769 0.0727735 0.0776781 0.08067 0.0816756 0.08067 0.0776781 0.0727735 0.0660769 0.0577534 0.0480077 0.0370799 0.0252391 0.0127769 1.00024e-17 
0 0.0125867 0.0248634 0.0365279 0.047293 0.0568935 0.0650932 0.07169 0.0765216 0.079469 0.0804596 0.079469 0.0765216 0.07169 0.0650932 0.0568935 0.047293 0.0365279 0.0248634 0.0125867 9.85346e-18 
0 0.0123993 0.0244932 0.0359841 0.0465889 0.0560465 0.0641241 0.0706227 0.0753824 0.0782859 0.0792617 0.0782859 0.0753824 0.0706227 0.0641241 0.0560465 0.0465889 0.0359841 0.0244932 0.0123993 9.70676e-18 
0 0.0122147 0.0241286 0.0354483 0.0458953 0.0552121 0.0631694 0.0695713 0.0742601 0.0771204 0.0780817 0.0771204 0.0742601 0.0695713 0.0631694 0.0552121 0.0458953 0.0354483 0.0241286 0.0122147 9.56225e-18 
0 0.0120328 0.0237693 0.0349206 0.045212 0.0543901 0.0622289 0.0685355 0.0731545 0.0759722 0.0769192 0.0759722 0.0731545 0.0685355 0.0622289 0.0543901 0.045212 0.0349206 0.0237693 0.0120328 9.41988e-18 
0 0.0118537 0.0234155 0.0344007 0.0445388 0.0535803 0.0613025 0.0675151 0.0720654 0.0748411 0.075774 0.0748411 0.0720654 0.0675151 0.0613025 0.0535803 0.0445388 0.0344007 0.0234155 0.0118537 9.27964e-18 
0 0.0116772 0.0230668 0.0338885 0.0438757 0.0527826 0.0603898 0.06651 0.0709924 0.0737269 0.0746459 0.0737269 0.0709924 0.06651 0.0603898 0.0527826 0.0438757 0.0338885 0.0230668 0.0116772 9.14148e-18 
0 0.0115033 0.0227234 0.033384 0.0432225 0.0519968 0.0594907 0.0655198 0.0699355 0.0726292 0.0735345 0.0726292 0.0699355 0.0655198 0.0594907 0.0519968 0.0432225 0.033384 0.0227234 0.0115033 9.00538e-18 
0 0.0113321 0.0223851 0.032887 0.042579 0.0512226 0.058605 0.0645443 0.0688943 0.0715479 0.0724398 0.0715479 0.0688943 0.0645443 0.058605 0.0512226 0.042579 0.032887 0.0223851 0.0113321 8.87131e-18 
0 0.0111634 0.0220518 0.0323973 0.0419451 0.05046 0.0577325 0.0635834 0.0678686 0.0704827 0.0713613 0.0704827 0.0678686 0.0635834 0.0577325 0.05046 0.0419451 0.0323973 0.0220518 0.0111634 8.73924e-18 
0 0.0109972 0.0217235 0.031915 0.0413206 0.0497088 0.056873 0.0626367 0.0668582 0.0694333 0.0702988 0.0694333 0.0668582 0.0626367 0.056873 0.0497088 0.0413206 0.031915 0.0217235 0.0109972 8.60912e-18 
0 0.0108334 0.0214001 0.0314399 0.0407054 0.0489687 0.0560262 0.0617042 0.0658628 0.0683996 0.0692522 0.0683996 0.0658628 0.0617042 0.0560262 0.0489687 0.0407054 0.0314399 0.0214001 0.0108334 8.48095e-18 
0 0.0106721 0.0210815 0.0309718 0.0400994 0.0482397 0.0551921 0.0607855 0.0648822 0.0673813 0.0682212 0.0673813 0.0648822 0.0607855 0.0551921 0.0482397 0.0400994 0.0309718 0.0210815 0.0106721 8.35469e-18 
0 0.0105133 0.0207676 0.0305107 0.0395024 0.0475215 0.0543704 0.0598806 0.0639162 0.0663781 0.0672055 0.0663781 0.0639162 0.0598806 0.0543704 0.0475215 0.0395024 0.0305107 0.0207676 0.0105133 8.2303e-18 
0 0.0103567 0.0204585 0.0300564 0.0389143 0.046814 0.0535609 0.058989 0.0629647 0.0653899 0.066205 0.0653899 0.0629647 0.058989 0.0535609 0.046814 0.0389143 0.0300564 0.0204585 0.0103567 8.10777e-18 
0 0.0102025 0.0201539 0.0296089 0.0383349 0.046117 0.0527635 0.0581108 0.0620272 0.0644163 0.0652193 0.0644163 0.0620272 0.0581108 0.0527635 0.046117 0.0383349 0.0296089 0.0201539 0.0102025 7.98706e-18 
0 0.0100506 0.0198538 0.0291681 0.0377642 0.0454304 0.051978 0.0572457 0.0611038 0.0634573 0.0642483 0.0634573 0.0611038 0.0572457 0.051978 0.0454304 0.0377642 0.0291681 0.0198538 0.0100506 7.86815e-18 
0 0.00990101 0.0195582 0.0287339 0.037202 0.044754 0.0512041 0.0563934 0.060194 0.0625125 0.0632918 0.0625125 0.060194 0.0563934 0.0512041 0.044754 0.037202 0.0287339 0.0195582 0.00990101 7.75101e-18 
0 0.00975361 0.019267 0.0283061 0.0366481 0.0440877 0.0504418 0.0555538 0.0592979 0.0615819 0.0623495 0.0615819 0.0592979 0.0555538 0.0504418 0.0440877 0.0366481 0.0283061 0.019267 0.00975361 7.63561e-18 
0 0.00960839 0.0189802 0.0278846 0.0361025 0.0434314 0.0496908 0.0547267 0.058415 0.060665 0.0614212 0.060665 0.058415 0.0547267 0.0496908 0.0434314 0.0361025 0.0278846 0.0189802 0.00960839 7.52193e-18 
0 0.00946534 0.0186976 0.0274695 0.035565 0.0427847 0.048951 0.0539119 0.0575454 0.0597618 0.0605068 0.0597618 0.0575454 0.0539119 0.048951 0.0427847 0.035565 0.0274695 0.0186976 0.00946534 7.40994e-18 
0 0.00932442 0.0184192 0.0270605 0.0350355 0.0421478 0.0482222 0.0531093 0.0566886 0.0588721 0.0596059 0.0588721 0.0566886 0.0531093 0.0482222 0.0421478 0.0350355 0.0270605 0.0184192 0.00932442 7.29962e-18 
0 0.0091856 0.018145 0.0266577 0.0345139 0.0415203 0.0475043 0.0523186 0.0558446 0.0579956 0.0587185 0.0579956 0.0558446 0.0523186 0.0475043 0.0415203 0.0345139 0.0266577 0.018145 0.0091856 7.19095e-18 
0 0.00904885 0.0178749 0.0262608 0.034 0.0409021 0.046797 0.0515397 0.0550132 0.0571322 0.0578443 0.0571322 0.0550132 0.0515397 0.046797 0.0409021 0.034 0.0262608 0.0178749 0.00904885 7.08389e-18 
0 0.00891413 0.0176088 0.0258698 0.0334938 0.0402932 0.0461003 0.0507723 0.0541942 0.0562816 0.0569831 0.0562816 0.0541942 0.0507723 0.0461003 0.0402932 0.0334938 0.0258698 0.0176088 0.00891413 6.97842e-18 
0 0.00878141 0.0173466 0.0254846 0.0329952 0.0396933 0.045414 0.0500164 0.0533873 0.0554437 0.0561348 0.0554437 0.0533873 0.0500164 0.045414 0.0396933 0.0329952 0.0254846 0.0173466 0.00878141 6.87453e-18 
0 0.00865067 0.0170883 0.0251052 0.032504 0.0391023 0.0447379 0.0492718 0.0525925 0.0546182 0.055299 0.0546182 0.0525925 0.0492718 0.0447379 0.0391023 0.032504 0.0251052 0.0170883 0.00865067 6.77218e-18 
0 0.00852188 0.0168339 0.0247315 0.03202 0.0385202 0.0440718 0.0485382 0.0518095 0.053805 0.0544757 0.053805 0.0518095 0.0485382 0.0440718 0.0385202 0.03202 0.0247315 0.0168339 0.00852188 6.67135e-18 
0 0.00839501 0.0165833 0.0243633 0.0315433 0.0379467 0.0434156 0.0478156 0.0510382 0.053004 0.0536647 0.053004 0.0510382 0.0478156 0.0434156 0.0379467 0.0315433 0.0243633 0.0165833 0.00839501 6.57203e-18 
0 0.00827002 0.0163364 0.0240005 0.0310737 0.0373817 0.0427693 0.0471037 0.0502783 0.0522149 0.0528657 0.0522149 0.0502783 0.0471037 0.0427693 0.0373817 0.0310737 0.0240005 0.0163364 0.00827002 6.47418e-18 
0 0.0081469 0.0160932 0.0236432 0.0306111 0.0368252 0.0421325 0.0464024 0.0495297 0.0514375 0.0520787 0.0514375 0.0495297 0.0464024 0.0421325 0.0368252 0.0306111 0.0236432 0.0160932 0.0081469 6.3778e-18 
0 0.00802561 0.0158536 0.0232912 0.0301553 0.0362769 0.0415052 0.0457116 0.0487923 0.0506717 0.0513033 0.0506717 0.0487923 0.0457116 0.0415052 0.0362769 0.0301553 0.0232912 0.0158536 0.00802561 6.28284e-18 
0 0.00790612 0.0156176 0.0229445 0.0297064 0.0357368 0.0408873 0.045031 0.0480659 0.0499173 0.0505395 0.0499173 0.0480659 0.045031 0.0408873 0.0357368 0.0297064 0.0229445 0.0156176 0.00790612 6.1893e-18 
0 0.00778841 0.0153851 0.0226029 0.0292641 0.0352048 0.0402786 0.0443606 0.0473503 0.0491741 0.0497871 0.0491741 0.0473503 0.0443606 0.0402786 0.0352048 0.0292641 0.0226029 0.0153851 0.00778841 6.09716e-18 
