0 0.156434 0.309017 0.45399 0.587785 0.707107 0.809017 0.891007 0.951057 0.987688 1 0.987688 0.951057 0.891007 0.809017 0.707107 0.587785 0.45399 0.309017 0.156434 1.22465e-16 
0 0.154105 0.304416 0.447231 0.579034 0.696579 0.796972 0.877741 0.936897 0.972984 0.985112 0.972984 0.936897 0.877741 0.796972 0.696579 0.579034 0.447231 0.304416 0.154105 1.20641e-16 
-1.0967e-05 0.151811 0.299885 0.440575 0.570417 0.686213 0.785112 0.864679 0.922955 0.958504 0.970452 0.958505 0.922955 0.86468 0.785113 0.686214 0.570418 0.440577 0.299887 0.151813 -1.09372e-05 
-3.18726e-05 0.149551 0.295423 0.434021 0.561931 0.676005 0.773433 0.851817 0.909226 0.944247 0.956018 0.944248 0.909228 0.851819 0.773436 0.676008 0.561935 0.434025 0.295428 0.149556 -3.1729e-05 
-6.15813e-05 0.147325 0.291029 0.427566 0.553575 0.665953 0.761933 0.839152 0.895708 0.930208 0.941804 0.93021 0.895711 0.839156 0.761939 0.66596 0.553583 0.427575 0.291038 0.147334 -6.11666e-05 
-9.88815e-05 0.145131 0.286701 0.421209 0.545346 0.656054 0.750608 0.82668 0.882396 0.916384 0.927809 0.916387 0.882401 0.826687 0.750618 0.656066 0.545359 0.421224 0.286716 0.145146 -9.79522e-05 
-0.000142516 0.142969 0.282438 0.414949 0.537242 0.646306 0.739456 0.814398 0.869287 0.902772 0.914027 0.902776 0.869295 0.814409 0.73947 0.646323 0.537261 0.41497 0.282461 0.142991 -0.000140735 
-0.000191212 0.140838 0.27824 0.408784 0.529261 0.636707 0.728474 0.802305 0.856379 0.889367 0.900456 0.889372 0.856389 0.802319 0.728494 0.63673 0.529288 0.408813 0.278271 0.140867 -0.000188147 
-0.000243708 0.138737 0.274106 0.402712 0.521402 0.627254 0.71766 0.790395 0.843668 0.876167 0.887092 0.876174 0.843681 0.790415 0.717685 0.627284 0.521437 0.40275 0.274146 0.138775 -0.000238834 
-0.000298781 0.136666 0.270033 0.396733 0.513663 0.617944 0.70701 0.778667 0.831151 0.863168 0.873932 0.863177 0.831167 0.778691 0.707042 0.617982 0.513706 0.396781 0.270084 0.136712 -0.000291492 
-0.000355269 0.134625 0.266023 0.390844 0.506041 0.608776 0.696522 0.767118 0.818824 0.850368 0.860973 0.850378 0.818844 0.767147 0.696561 0.608823 0.506094 0.390903 0.266084 0.134679 -0.000344884 
-0.000412089 0.132612 0.262072 0.385045 0.498534 0.599748 0.686194 0.755744 0.806685 0.837762 0.848211 0.837774 0.806709 0.75578 0.68624 0.599804 0.498598 0.385115 0.262146 0.132675 -0.000397872 
-0.000468255 0.130626 0.258181 0.379333 0.491142 0.590857 0.676023 0.744543 0.79473 0.825348 0.835644 0.825363 0.794759 0.744585 0.676077 0.590922 0.491216 0.379415 0.258267 0.130698 -0.000449431 
-0.000522888 0.128669 0.254348 0.373708 0.483861 0.5821 0.666006 0.733512 0.782957 0.813123 0.823267 0.81314 0.78299 0.733561 0.666068 0.582175 0.483947 0.373802 0.254446 0.128749 -0.000498662 
-0.000575228 0.126738 0.250573 0.368168 0.476691 0.573477 0.656141 0.722649 0.771363 0.801084 0.811079 0.801103 0.771401 0.722704 0.656212 0.573562 0.476789 0.368275 0.250684 0.126826 -0.000544804 
-0.000624637 0.124834 0.246854 0.362711 0.46963 0.564984 0.646426 0.711951 0.759945 0.789227 0.799076 0.789249 0.759987 0.712013 0.646506 0.56508 0.46974 0.362832 0.246978 0.12493 -0.000587239 
-0.000670599 0.122956 0.24319 0.357338 0.462675 0.556619 0.636858 0.701415 0.7487 0.77755 0.787255 0.777574 0.748747 0.701484 0.636947 0.556727 0.462798 0.357472 0.243327 0.12306 -0.00062549 
-0.000712722 0.121104 0.239581 0.352045 0.455826 0.548382 0.627435 0.691038 0.737626 0.766051 0.775613 0.766077 0.737678 0.691114 0.627534 0.548501 0.455962 0.352193 0.23973 0.121215 -0.000659221 
-0.000750733 0.119278 0.236025 0.346832 0.44908 0.540269 0.618154 0.680819 0.726719 0.754725 0.764148 0.754754 0.726776 0.680902 0.618263 0.540399 0.449229 0.346995 0.236187 0.119396 -0.000688228 
-0.000784467 0.117478 0.232522 0.341698 0.442436 0.532279 0.609014 0.670754 0.715978 0.743571 0.752856 0.743603 0.71604 0.670845 0.609132 0.532421 0.442599 0.341874 0.232696 0.117603 -0.000712432 
-0.000813861 0.115704 0.229071 0.336641 0.435893 0.524409 0.600013 0.660842 0.705399 0.732586 0.741735 0.73262 0.705466 0.66094 0.60014 0.524563 0.436068 0.336831 0.229257 0.115834 -0.000731866 
-0.000838945 0.113955 0.225671 0.33166 0.429448 0.516659 0.591147 0.651079 0.694979 0.721767 0.730783 0.721804 0.695052 0.651185 0.591284 0.516824 0.429637 0.331864 0.225867 0.114091 -0.000746659 
-0.000859827 0.112232 0.222321 0.326754 0.423101 0.509025 0.582415 0.641464 0.684718 0.711111 0.719995 0.711151 0.684795 0.641577 0.582562 0.509202 0.423303 0.326972 0.222528 0.112374 -0.000757026 
-0.000876678 0.110534 0.21902 0.321921 0.416849 0.501507 0.573815 0.631994 0.674611 0.700617 0.709371 0.700658 0.674693 0.632115 0.573972 0.501695 0.417064 0.322153 0.219236 0.110681 -0.000763249 
-0.000889726 0.108862 0.215767 0.317161 0.410692 0.494102 0.565345 0.622667 0.664656 0.69028 0.698907 0.690325 0.664744 0.622795 0.565511 0.494302 0.41092 0.317405 0.215993 0.109014 -0.000765658 
-0.000899235 0.107215 0.212563 0.312473 0.404627 0.486809 0.557002 0.61348 0.654852 0.6801 0.688601 0.680147 0.654945 0.613616 0.557178 0.48702 0.404868 0.312729 0.212796 0.107372 -0.000764623 
-0.000905498 0.105594 0.209405 0.307855 0.398654 0.479625 0.548785 0.604432 0.645196 0.670073 0.67845 0.670122 0.645293 0.604575 0.548971 0.479848 0.398907 0.308123 0.209646 0.105756 -0.000760532 
-0.000908822 0.103998 0.206294 0.303305 0.39277 0.47255 0.540692 0.59552 0.635685 0.660197 0.668452 0.660249 0.635787 0.595671 0.540887 0.472784 0.393036 0.303584 0.206541 0.104165 -0.000753779 
-0.000909516 0.102427 0.203229 0.298824 0.386975 0.465581 0.532721 0.586743 0.626317 0.650469 0.658605 0.650524 0.626424 0.5869 0.532924 0.465826 0.387253 0.299113 0.203481 0.102599 -0.000744752 
-0.000907885 0.100882 0.200209 0.294409 0.381268 0.458718 0.524869 0.578097 0.61709 0.640888 0.648906 0.640945 0.617202 0.578261 0.525082 0.458973 0.381556 0.294708 0.200465 0.101058 -0.000733824 
-0.000904218 0.0993612 0.197234 0.290061 0.375645 0.451957 0.517136 0.569582 0.608002 0.631451 0.639352 0.63151 0.608118 0.569752 0.517357 0.452222 0.375945 0.290368 0.197493 0.0995424 -0.000721338 
-0.000898784 0.0978655 0.194303 0.285777 0.370108 0.445298 0.509519 0.561194 0.59905 0.622156 0.629942 0.622217 0.599171 0.561371 0.509749 0.445573 0.370417 0.286091 0.194565 0.0980516 -0.000707606 
-0.000891821 0.0963945 0.191415 0.281557 0.364653 0.438739 0.502017 0.552933 0.590233 0.613001 0.620674 0.613064 0.590358 0.553116 0.502254 0.439023 0.364972 0.281878 0.191679 0.0965853 -0.0006929 
-0.00088354 0.0949478 0.18857 0.277399 0.35928 0.432279 0.494627 0.544795 0.581549 0.603982 0.611544 0.604048 0.581677 0.544984 0.494872 0.432572 0.359607 0.277726 0.188835 0.0951434 -0.000677448 
-0.000874116 0.0935253 0.185768 0.273304 0.353988 0.425915 0.487348 0.53678 0.572994 0.5951 0.602552 0.595167 0.573127 0.536975 0.4876 0.426217 0.354323 0.273635 0.186034 0.0937256 -0.000661436 
-0.000863689 0.0921264 0.183008 0.269269 0.348774 0.419647 0.480179 0.528885 0.564568 0.58635 0.593694 0.586419 0.564704 0.529085 0.480437 0.419957 0.349117 0.269603 0.183274 0.0923314 -0.000645002 
-0.000852365 0.090751 0.18029 0.265295 0.343639 0.413474 0.473116 0.521108 0.556268 0.577731 0.584969 0.577802 0.556408 0.521313 0.473382 0.41379 0.343988 0.265631 0.180554 0.0909606 -0.000628246 
-0.000840217 0.0893986 0.177613 0.261379 0.33858 0.407392 0.46616 0.513448 0.548093 0.569242 0.576374 0.569314 0.548236 0.513658 0.466432 0.407715 0.338935 0.261716 0.177876 0.0896126 -0.000611223 
-0.000827288 0.0880688 0.174977 0.257521 0.333597 0.401402 0.459308 0.505903 0.54004 0.560879 0.567908 0.560953 0.540186 0.506117 0.459585 0.401731 0.333956 0.257859 0.175238 0.088287 -0.000593955 
-0.000813591 0.0867613 0.172381 0.253721 0.328689 0.395501 0.452559 0.49847 0.532107 0.552642 0.559569 0.552717 0.532256 0.498689 0.452841 0.395836 0.329051 0.254057 0.17264 0.0869834 -0.00057643 
-0.000799115 0.0854756 0.169824 0.249978 0.323853 0.389689 0.445911 0.491149 0.524294 0.544528 0.551354 0.544605 0.524445 0.491371 0.446197 0.390028 0.324218 0.250311 0.170081 0.0857013 -0.000558611 
-0.000783832 0.0842112 0.167308 0.24629 0.31909 0.383963 0.439362 0.483938 0.516597 0.536535 0.543263 0.536613 0.51675 0.484163 0.439653 0.384307 0.319456 0.24662 0.167561 0.0844403 -0.000540441 
-0.000767696 0.0829677 0.16483 0.242657 0.314398 0.378324 0.432911 0.476834 0.509015 0.528662 0.535292 0.528741 0.50917 0.477062 0.433206 0.37867 0.314763 0.242983 0.16508 0.0831997 -0.000521845 
-0.000750649 0.0817447 0.16239 0.239078 0.309775 0.372768 0.426556 0.469836 0.501546 0.520906 0.52744 0.520986 0.501704 0.470068 0.426854 0.373117 0.31014 0.239399 0.162637 0.0819792 -0.00050274 
-0.00073263 0.0805418 0.159989 0.235553 0.305222 0.367296 0.420297 0.462943 0.494189 0.513266 0.519705 0.513347 0.494348 0.463177 0.420597 0.367646 0.305584 0.235868 0.160232 0.0807783 -0.00048304 
-0.000713571 0.0793584 0.157625 0.232081 0.300736 0.361905 0.414131 0.456153 0.486942 0.50574 0.512085 0.505821 0.487102 0.456388 0.414433 0.362256 0.301095 0.232388 0.157864 0.0795965 -0.000462659 
-0.000693408 0.0781943 0.155297 0.22866 0.296317 0.356594 0.408057 0.449464 0.479802 0.498326 0.504579 0.498408 0.479964 0.449701 0.408361 0.356945 0.296672 0.22896 0.155533 0.0784334 -0.000441517 
-0.000672082 0.077049 0.153007 0.225291 0.291963 0.351363 0.402074 0.442875 0.47277 0.491023 0.497185 0.491105 0.472932 0.443113 0.402378 0.351712 0.292313 0.225582 0.153238 0.0772886 -0.000419541 
-0.00064954 0.0759221 0.150752 0.221973 0.287674 0.346209 0.39618 0.436385 0.465842 0.483828 0.489901 0.483911 0.466005 0.436623 0.396485 0.346557 0.288017 0.222255 0.150979 0.0761616 -0.000396673 
-0.00062574 0.0748133 0.148532 0.218704 0.283449 0.341132 0.390374 0.429991 0.459017 0.476741 0.482725 0.476823 0.45918 0.43023 0.390678 0.341477 0.283785 0.218976 0.148755 0.0750521 -0.000372867 
-0.00060065 0.0737221 0.146348 0.215485 0.279287 0.336131 0.384654 0.423692 0.452294 0.469759 0.475656 0.469841 0.452457 0.423931 0.384957 0.336472 0.279614 0.215747 0.146566 0.0739597 -0.000348095 
-0.000574253 0.0726483 0.144197 0.212315 0.275187 0.331205 0.37902 0.417487 0.445671 0.462881 0.468692 0.462963 0.445834 0.417725 0.379321 0.33154 0.275504 0.212566 0.14441 0.0728841 -0.000322345 
-0.000546544 0.0715916 0.14208 0.209193 0.271148 0.326351 0.373469 0.411375 0.439147 0.456105 0.461832 0.456187 0.439309 0.411612 0.373768 0.32668 0.271454 0.209432 0.142289 0.0718251 -0.000295622 
-0.000517532 0.0705517 0.139997 0.206118 0.267169 0.32157 0.368001 0.405353 0.432719 0.44943 0.455073 0.449512 0.432881 0.405589 0.368296 0.321892 0.267463 0.206346 0.1402 0.0707822 -0.000267947 
-0.000487239 0.0695283 0.137946 0.20309 0.263249 0.316859 0.362615 0.399421 0.426388 0.442854 0.448415 0.442935 0.426548 0.399655 0.362906 0.317173 0.263531 0.203306 0.138143 0.0697554 -0.000239358 
-0.000455701 0.0685211 0.135927 0.200107 0.259388 0.312219 0.357308 0.393578 0.42015 0.436376 0.441856 0.436456 0.420309 0.393808 0.357594 0.312524 0.259656 0.200312 0.136118 0.0687443 -0.000209905 
-0.000422962 0.0675299 0.13394 0.197171 0.255584 0.307647 0.352081 0.387821 0.414005 0.429994 0.435394 0.430074 0.414162 0.388048 0.352361 0.307942 0.255838 0.197363 0.134125 0.0677486 -0.000179651 
-0.000389078 0.0665544 0.131983 0.194279 0.251837 0.303144 0.346931 0.38215 0.407951 0.423706 0.429028 0.423785 0.408107 0.382374 0.347205 0.303427 0.252076 0.194459 0.132162 0.0667683 -0.000148669 
-0.000354114 0.0655945 0.130057 0.191431 0.248146 0.298707 0.341857 0.376563 0.401987 0.417512 0.422756 0.41759 0.40214 0.376782 0.342124 0.298978 0.24837 0.191599 0.130229 0.0658031 -0.000117038 
-0.000318139 0.0646499 0.128161 0.188627 0.24451 0.294336 0.336859 0.371058 0.396112 0.41141 0.416577 0.411487 0.396262 0.371274 0.337118 0.294594 0.244718 0.188782 0.128325 0.0648527 -8.48429e-05 
-0.000281227 0.0637204 0.126294 0.185866 0.240929 0.29003 0.331935 0.365636 0.390324 0.405398 0.41049 0.405473 0.390471 0.365846 0.332185 0.290274 0.241119 0.186008 0.126451 0.0639171 -5.21722e-05 
-0.000243457 0.0628058 0.124456 0.183147 0.237401 0.285788 0.327084 0.360294 0.384621 0.399476 0.404493 0.399549 0.384766 0.360498 0.327324 0.286017 0.237575 0.183276 0.124605 0.062996 -1.91135e-05 
-0.000204906 0.0619059 0.122646 0.180469 0.233926 0.281608 0.322304 0.355031 0.379004 0.393641 0.398584 0.393713 0.379144 0.355229 0.322534 0.281822 0.234082 0.180586 0.122787 0.0620893 1.42471e-05 
-0.000165651 0.0610205 0.120865 0.177833 0.230504 0.277491 0.317596 0.349846 0.373469 0.387892 0.392763 0.387962 0.373606 0.350038 0.317814 0.277688 0.230641 0.177936 0.120996 0.0611967 4.78273e-05 
-0.000125768 0.0601494 0.11911 0.175237 0.227132 0.273435 0.312957 0.344738 0.368016 0.382229 0.387028 0.382297 0.368149 0.344922 0.313163 0.273615 0.227252 0.175327 0.119232 0.0603181 8.155e-05 
-8.53292e-05 0.0592925 0.117383 0.17268 0.223812 0.269439 0.308387 0.339706 0.362644 0.376649 0.381378 0.376715 0.362772 0.339882 0.30858 0.269601 0.223913 0.172757 0.117495 0.0594533 0.000115345 
-4.44005e-05 0.0584494 0.115682 0.170163 0.220541 0.265502 0.303885 0.334748 0.357352 0.371152 0.375811 0.371215 0.357475 0.334915 0.304064 0.265646 0.220624 0.170227 0.115784 0.058602 0.000149149 
-3.04426e-06 0.05762 0.114007 0.167684 0.217319 0.261624 0.299449 0.329864 0.352138 0.365736 0.370326 0.365797 0.352255 0.330022 0.299614 0.261748 0.217384 0.167734 0.114099 0.0577642 0.000182908 
3.86838e-05 0.0568042 0.112358 0.165243 0.214146 0.257804 0.295079 0.325051 0.347001 0.3604 0.364923 0.360458 0.347113 0.325199 0.295229 0.257908 0.214192 0.16528 0.112439 0.0569396 0.000216576 
8.07342e-05 0.0560016 0.110734 0.162839 0.211021 0.25404 0.290774 0.32031 0.34194 0.355143 0.359599 0.355199 0.342045 0.320448 0.290907 0.254124 0.211048 0.162862 0.110804 0.0561279 0.000250117 
0.000123064 0.0552121 0.109135 0.160472 0.207943 0.250332 0.286532 0.315639 0.336953 0.349963 0.354353 0.350016 0.337053 0.315766 0.286648 0.250396 0.207951 0.160481 0.109193 0.0553291 0.000283501 
0.000165636 0.0544354 0.107561 0.15814 0.204911 0.246679 0.282353 0.311037 0.332041 0.34486 0.349185 0.34491 0.332133 0.311152 0.282452 0.246722 0.204901 0.158136 0.107607 0.0545428 0.000316709 
0.000208419 0.0536714 0.10601 0.155844 0.201925 0.243081 0.278235 0.306503 0.3272 0.339832 0.344094 0.339879 0.327286 0.306606 0.278316 0.243102 0.201896 0.155826 0.106045 0.0537689 0.000349727 
0.000251389 0.0529199 0.104484 0.153583 0.198984 0.239536 0.274179 0.302036 0.322432 0.334879 0.339077 0.334922 0.32251 0.302126 0.274241 0.239536 0.198937 0.153551 0.104505 0.0530071 0.000382547 
0.000294525 0.0521805 0.10298 0.151357 0.196088 0.236044 0.270182 0.297634 0.317733 0.329998 0.334134 0.330038 0.317803 0.297711 0.270225 0.236022 0.196022 0.15131 0.10299 0.0522572 0.00041517 
0.000337811 0.0514531 0.1015 0.149164 0.193235 0.232604 0.266245 0.293298 0.313104 0.32519 0.329264 0.325226 0.313166 0.29336 0.266268 0.232561 0.19315 0.149102 0.101497 0.051519 0.000447598 
0.000381235 0.0507375 0.100043 0.147004 0.190425 0.229216 0.262366 0.289025 0.308543 0.320452 0.324465 0.320484 0.308596 0.289073 0.262369 0.22915 0.190322 0.146928 0.100026 0.0507922 0.000479837 
0.000424786 0.0500335 0.0986079 0.144877 0.187657 0.225877 0.258544 0.284816 0.30405 0.315784 0.319737 0.315812 0.304094 0.284849 0.258526 0.22579 0.187536 0.144786 0.0985775 0.0500768 0.000511896 
0.000468458 0.0493408 0.0971949 0.142782 0.184931 0.222589 0.254778 0.280669 0.299622 0.311185 0.315079 0.311208 0.299657 0.280686 0.25474 0.22248 0.184792 0.142675 0.097151 0.0493724 0.000543784 
0.000512243 0.0486592 0.0958036 0.140719 0.182246 0.21935 0.251068 0.276582 0.29526 0.306653 0.310489 0.306672 0.295284 0.276583 0.251008 0.219219 0.182089 0.140597 0.095746 0.0486788 0.000575511 
0.000556136 0.0479885 0.0944337 0.138686 0.179602 0.216159 0.247414 0.272556 0.290962 0.302188 0.305966 0.302202 0.290976 0.27254 0.247332 0.216006 0.179427 0.138549 0.0943622 0.0479958 0.000607086 
0.00060013 0.0473286 0.0930849 0.136685 0.176997 0.213016 0.243813 0.268589 0.286727 0.297789 0.30151 0.297798 0.28673 0.268556 0.243709 0.212841 0.176805 0.136532 0.0929994 0.0473233 0.000638518 
0.000644218 0.0466792 0.0917568 0.134713 0.174432 0.209919 0.240265 0.264681 0.282554 0.293454 0.297119 0.293458 0.282547 0.26463 0.24014 0.209723 0.174221 0.134545 0.0916572 0.0466611 0.00066981 
0.000688392 0.0460401 0.0904492 0.132772 0.171905 0.206869 0.23677 0.26083 0.278443 0.289183 0.292793 0.289182 0.278424 0.260761 0.236622 0.206652 0.171677 0.132587 0.0903353 0.0460089 0.000700968 
0.000732643 0.0454112 0.0891616 0.130859 0.169416 0.203864 0.233327 0.257036 0.274392 0.284975 0.28853 0.284968 0.274361 0.256949 0.233157 0.203626 0.16917 0.130658 0.0890334 0.0453666 0.000731989 
0.000776957 0.0447923 0.0878939 0.128976 0.166964 0.200905 0.229934 0.253298 0.270401 0.280829 0.28433 0.280816 0.270358 0.253192 0.229742 0.200646 0.166701 0.128758 0.0877511 0.044734 0.000762873 
0.000821323 0.0441831 0.0866456 0.12712 0.164549 0.197989 0.226592 0.249614 0.266468 0.276743 0.280191 0.276724 0.266412 0.249489 0.226378 0.197709 0.164268 0.126887 0.0864883 0.044111 0.000793613 
0.000865724 0.0435835 0.0854165 0.125293 0.162171 0.195117 0.2233 0.245985 0.262594 0.272717 0.276112 0.272692 0.262524 0.245841 0.223063 0.194817 0.161872 0.125043 0.0852445 0.0434973 0.000824201 
0.000910142 0.0429934 0.0842063 0.123493 0.159827 0.192288 0.220056 0.242409 0.258776 0.268751 0.272094 0.268719 0.258693 0.242246 0.219797 0.191968 0.159511 0.123227 0.0840195 0.042893 0.000854624 
0.000954557 0.0424126 0.0830146 0.12172 0.157519 0.189501 0.21686 0.238886 0.255014 0.264842 0.268134 0.264804 0.254917 0.238703 0.216579 0.189161 0.157186 0.121438 0.082813 0.0422977 0.000884869 
0.000998949 0.0418409 0.0818412 0.119974 0.155246 0.186755 0.213711 0.235415 0.251307 0.260991 0.264232 0.260946 0.251197 0.235212 0.213409 0.186396 0.154894 0.119675 0.0816246 0.0417113 0.00091492 
0.00104329 0.0412782 0.0806858 0.118254 0.153006 0.184051 0.210609 0.231995 0.247654 0.257196 0.260387 0.257144 0.24753 0.231772 0.210285 0.183672 0.152637 0.117939 0.0804542 0.0411338 0.00094476 
0.00108757 0.0407243 0.079548 0.116561 0.1508 0.181387 0.207553 0.228625 0.244055 0.253456 0.256598 0.253397 0.243916 0.228382 0.207208 0.180989 0.150414 0.116228 0.0793013 0.040565 0.000974369 
0.00113175 0.0401791 0.0784276 0.114892 0.148626 0.178762 0.204543 0.225305 0.240509 0.249772 0.252865 0.249705 0.240355 0.225041 0.204177 0.178346 0.148223 0.114544 0.0781656 0.0400047 0.00100373 
0.0011758 0.0396424 0.0773242 0.113249 0.146485 0.176177 0.201577 0.222034 0.237015 0.246141 0.249186 0.246066 0.236846 0.22175 0.20119 0.175742 0.146065 0.112884 0.077047 0.0394529 0.00103282 
0.00121971 0.0391142 0.0762377 0.11163 0.144376 0.17363 0.198654 0.21881 0.233572 0.242563 0.24556 0.242481 0.233388 0.218507 0.198247 0.173177 0.143939 0.111249 0.0759452 0.0389093 0.00106162 
0.00126345 0.0385942 0.0751677 0.110036 0.142299 0.17112 0.195776 0.215635 0.23018 0.239038 0.241987 0.238948 0.22998 0.215311 0.195349 0.17065 0.141844 0.109639 0.0748598 0.038374 0.00109012 
0.00130699 0.0380824 0.074114 0.108466 0.140252 0.168649 0.192939 0.212506 0.226837 0.235564 0.238467 0.235465 0.226622 0.212163 0.192493 0.16816 0.13978 0.108052 0.0737906 0.0378467 0.00111829 
0.00135031 0.0375786 0.0730762 0.106919 0.138236 0.166213 0.190145 0.209423 0.223543 0.232141 0.234998 0.232034 0.223313 0.20906 0.189679 0.165707 0.137747 0.106489 0.0727373 0.0373273 0.00114612 
0.00139338 0.0370826 0.0720542 0.105396 0.13625 0.163815 0.187392 0.206385 0.220297 0.228767 0.231579 0.228652 0.220051 0.206003 0.186908 0.163291 0.135744 0.10495 0.0716997 0.0368158 0.0011736 
0.00143618 0.0365944 0.0710476 0.103895 0.134293 0.161451 0.18468 0.203392 0.217099 0.225443 0.22821 0.22532 0.216838 0.202991 0.184177 0.160911 0.133771 0.103433 0.0706776 0.0363119 0.00120071 
0.0014787 0.0361139 0.0700563 0.102417 0.132366 0.159123 0.182008 0.200443 0.213948 0.222168 0.224889 0.222035 0.213671 0.200024 0.181487 0.158565 0.131826 0.10194 0.0696706 0.0358157 0.00122744 
0.00152092 0.0356408 0.0690799 0.100962 0.130467 0.156829 0.179376 0.197538 0.210843 0.21894 0.221617 0.218799 0.21055 0.1971 0.178837 0.156255 0.129911 0.100468 0.0686786 0.0353269 0.00125378 
0.00156281 0.0351751 0.0681183 0.0995276 0.128596 0.154569 0.176782 0.194675 0.207783 0.215759 0.218393 0.215609 0.207475 0.194219 0.176226 0.153978 0.128024 0.0990184 0.0677014 0.0348455 0.00127974 
0.00160436 0.0347166 0.0671711 0.0981151 0.126754 0.152343 0.174227 0.191855 0.204768 0.212625 0.215215 0.212466 0.204445 0.191381 0.173654 0.151736 0.126165 0.0975903 0.0667386 0.0343713 0.0013053 
0.00164556 0.0342653 0.0662383 0.0967238 0.124938 0.150149 0.17171 0.189076 0.201797 0.209536 0.212084 0.209368 0.201459 0.188585 0.17112 0.149526 0.124334 0.0961835 0.0657901 0.0339042 0.00133045 
0.00168639 0.0338209 0.0653194 0.0953533 0.12315 0.147988 0.169229 0.186337 0.19887 0.206492 0.208998 0.206315 0.198516 0.18583 0.168624 0.147349 0.122529 0.0947977 0.0648557 0.0334441 0.00135521 
0.00172685 0.0333835 0.0644144 0.0940033 0.121388 0.145859 0.166786 0.183639 0.195985 0.203492 0.205956 0.203307 0.195617 0.183115 0.166164 0.145204 0.120752 0.0934324 0.0639352 0.0329909 0.00137957 
0.00176692 0.0329528 0.063523 0.0926735 0.119652 0.143761 0.164378 0.180981 0.193142 0.200536 0.202959 0.200342 0.19276 0.180441 0.163741 0.143091 0.119001 0.0920875 0.0630283 0.0325445 0.00140353 
0.0018066 0.0325287 0.062645 0.0913635 0.117942 0.141695 0.162006 0.178362 0.190341 0.197623 0.200006 0.197421 0.189945 0.177807 0.161354 0.141009 0.117276 0.0907624 0.0621348 0.0321047 0.0014271 
0.00184588 0.0321111 0.0617802 0.090073 0.116258 0.139658 0.159669 0.175781 0.187582 0.194752 0.197095 0.194542 0.187172 0.175211 0.159002 0.138958 0.115576 0.0894571 0.0612546 0.0316715 0.00145028 
0.00188474 0.0317 0.0609283 0.0888018 0.114598 0.137652 0.157366 0.173239 0.184862 0.191923 0.194226 0.191704 0.184439 0.172654 0.156685 0.136937 0.113902 0.0881711 0.0603874 0.0312447 0.00147307 
0.00192319 0.0312951 0.0600892 0.0875495 0.112963 0.135676 0.155097 0.170733 0.182182 0.189135 0.191399 0.188908 0.181746 0.170134 0.154402 0.134946 0.112252 0.0869041 0.0595331 0.0308243 0.00149547 
0.00196123 0.0308965 0.0592627 0.0863158 0.111353 0.133728 0.152862 0.168265 0.179541 0.186388 0.188613 0.186153 0.179092 0.167652 0.152153 0.132985 0.110627 0.0856559 0.0586915 0.03041 0.0015175 
0.00199883 0.0305038 0.0584486 0.0851005 0.109766 0.13181 0.150659 0.165832 0.176939 0.18368 0.185867 0.183438 0.176478 0.165207 0.149937 0.131052 0.109026 0.0844262 0.0578623 0.0300019 0.00153916 
0.00203601 0.0301172 0.0576466 0.0839032 0.108203 0.129919 0.148489 0.163436 0.174375 0.181012 0.183161 0.180763 0.173902 0.162797 0.147754 0.129148 0.107449 0.0832146 0.0570454 0.0295998 0.00156044 
0.00207275 0.0297364 0.0568566 0.0827237 0.106662 0.128057 0.146351 0.161074 0.171848 0.178383 0.180494 0.178126 0.171365 0.160424 0.145603 0.127272 0.105895 0.082021 0.0562407 0.0292036 0.00158136 
0.00210906 0.0293613 0.0560785 0.0815616 0.105145 0.126222 0.144244 0.158747 0.169358 0.175791 0.177866 0.175528 0.168864 0.158085 0.143484 0.125424 0.104365 0.0808449 0.0554478 0.0288132 0.00160192 
0.00214492 0.0289919 0.0553119 0.0804168 0.10365 0.124414 0.142168 0.156454 0.166904 0.173238 0.175276 0.172968 0.1664 0.155781 0.141396 0.123603 0.102857 0.0796863 0.0546667 0.0284285 0.00162212 
0.00218033 0.0286281 0.0545568 0.0792889 0.102177 0.122632 0.140123 0.154195 0.164486 0.170721 0.172724 0.170445 0.163973 0.153511 0.139339 0.121809 0.101371 0.0785448 0.0538971 0.0280495 0.00164196 
0.00221529 0.0282697 0.0538129 0.0781778 0.100726 0.120877 0.138107 0.151969 0.162104 0.168241 0.170209 0.167959 0.161581 0.151275 0.137312 0.120041 0.0999071 0.0774201 0.053139 0.027676 0.00166144 
0.00224979 0.0279166 0.0530801 0.077083 0.0992967 0.119148 0.136121 0.149775 0.159756 0.165797 0.16773 0.16551 0.159225 0.149071 0.135315 0.1183 0.098465 0.076312 0.052392 0.027308 0.00168057 
0.00228382 0.0275688 0.0523581 0.0760044 0.0978881 0.117444 0.134164 0.147613 0.157442 0.163388 0.165287 0.163096 0.156904 0.1469 0.133347 0.116584 0.0970443 0.0752203 0.0516561 0.0269453 0.00169934 
0.00231739 0.0272262 0.0516469 0.0749418 0.0965003 0.115765 0.132236 0.145483 0.155162 0.161015 0.16288 0.160718 0.154616 0.144761 0.131409 0.114894 0.0956445 0.0741447 0.0509311 0.0265879 0.00171776 
0.00235048 0.0268886 0.0509462 0.0738948 0.0951329 0.114111 0.130336 0.143384 0.152915 0.158676 0.160508 0.158375 0.152363 0.142654 0.129499 0.113229 0.0942655 0.073085 0.0502167 0.0262357 0.00173582 
0.00238308 0.0265561 0.0502559 0.0728633 0.0937856 0.112481 0.128464 0.141316 0.150701 0.156371 0.158171 0.156066 0.150142 0.140578 0.127617 0.111588 0.0929068 0.0720409 0.0495129 0.0258887 0.00175353 
0.00241521 0.0262284 0.0495759 0.0718469 0.0924582 0.110875 0.126619 0.139278 0.148519 0.154099 0.155867 0.153791 0.147955 0.138532 0.125763 0.109972 0.0915681 0.0710122 0.0488195 0.0255467 0.00177088 
0.00244683 0.0259056 0.0489058 0.0708456 0.0911503 0.109292 0.124801 0.137269 0.146369 0.15186 0.153597 0.151549 0.145799 0.136516 0.123936 0.108379 0.0902492 0.0699986 0.0481362 0.0252096 0.00178787 
0.00247796 0.0255875 0.0482457 0.0698589 0.0898616 0.107733 0.123009 0.13529 0.14425 0.149654 0.15136 0.149341 0.143676 0.13453 0.122136 0.10681 0.0889498 0.0690001 0.047463 0.0248775 0.0018045 
0.00250858 0.0252741 0.0475952 0.0688868 0.0885918 0.106196 0.121244 0.133339 0.142162 0.14748 0.149156 0.147164 0.141584 0.132574 0.120363 0.105265 0.0876695 0.0680162 0.0467997 0.0245502 0.00182077 
0.0025387 0.0249653 0.0469543 0.067929 0.0873406 0.104682 0.119505 0.131417 0.140104 0.145338 0.146985 0.14502 0.139522 0.130646 0.118615 0.103742 0.0864081 0.0670469 0.0461462 0.0242276 0.00183668 
0.00256829 0.024661 0.0463229 0.0669852 0.0861077 0.103191 0.117791 0.129523 0.138076 0.143227 0.144845 0.142908 0.137491 0.128747 0.116894 0.102241 0.0851653 0.0660919 0.0455022 0.0239097 0.00185223 
0.00259737 0.0243611 0.0457007 0.0660553 0.0848929 0.101721 0.116102 0.127656 0.136078 0.141146 0.142736 0.140826 0.13549 0.126875 0.115198 0.100763 0.0839408 0.0651509 0.0448677 0.0235964 0.00186741 
0.00262592 0.0240656 0.0450876 0.0651391 0.0836959 0.100272 0.114437 0.125817 0.134109 0.139096 0.140658 0.138775 0.133519 0.125031 0.113527 0.0993067 0.0827343 0.0642238 0.0442425 0.0232876 0.00188223 
0.00265394 0.0237743 0.0444835 0.0642362 0.0825164 0.098845 0.112797 0.124004 0.132168 0.137076 0.138611 0.136755 0.131576 0.123214 0.111881 0.0978718 0.0815457 0.0633104 0.0436264 0.0229833 0.0018967 
0.00268143 0.0234873 0.0438882 0.0633466 0.0813541 0.0974386 0.111181 0.122218 0.130255 0.135085 0.136594 0.134764 0.129663 0.121424 0.110258 0.096458 0.0803745 0.0624104 0.0430194 0.0226834 0.0019108 
0.00270838 0.0232044 0.0433015 0.06247 0.0802088 0.0960527 0.109588 0.120457 0.12837 0.133123 0.134606 0.132802 0.127777 0.11966 0.10866 0.0950651 0.0792205 0.0615237 0.0424212 0.0223879 0.00192454 
0.00273479 0.0229256 0.0427234 0.0616062 0.0790803 0.0946869 0.108018 0.118722 0.126513 0.13119 0.132648 0.13087 0.125919 0.117922 0.107086 0.0936927 0.0780836 0.06065 0.0418318 0.0220966 0.00193793 
0.00276067 0.0226508 0.0421538 0.060755 0.0779682 0.0933411 0.106471 0.117012 0.124682 0.129285 0.130718 0.128966 0.124088 0.11621 0.105534 0.0923406 0.0769634 0.0597892 0.041251 0.0218095 0.00195097 
0.002786 0.0223799 0.0415924 0.0599162 0.0768722 0.0920149 0.104947 0.115327 0.122878 0.127408 0.128817 0.12709 0.122285 0.114523 0.104006 0.0910083 0.0758597 0.058941 0.0406787 0.0215265 0.00196366 
0.00281079 0.0221129 0.0410391 0.0590897 0.0757923 0.0907079 0.103445 0.113666 0.121101 0.125559 0.126943 0.125242 0.120508 0.112861 0.1025 0.0896957 0.0747722 0.0581054 0.0401147 0.0212476 0.001976 
0.00283503 0.0218497 0.0404938 0.0582751 0.0747281 0.08942 0.101964 0.11203 0.119349 0.123736 0.125098 0.123421 0.118757 0.111223 0.101016 0.0884025 0.0737008 0.057282 0.039559 0.0209728 0.00198799 
0.00285873 0.0215902 0.0399565 0.0574725 0.0736793 0.0881507 0.100505 0.110417 0.117622 0.12194 0.123279 0.121626 0.117031 0.109609 0.0995541 0.0871282 0.0726451 0.0564707 0.0390113 0.0207018 0.00199965 
0.00288188 0.0213344 0.0394268 0.0566815 0.0726458 0.0868999 0.0990676 0.108827 0.115921 0.120171 0.121488 0.119859 0.115332 0.10802 0.0981138 0.0858727 0.0716049 0.0556713 0.0384717 0.0204348 0.00201097 
0.00290449 0.0210822 0.0389049 0.0559019 0.0716273 0.0856672 0.0976506 0.107261 0.114244 0.118427 0.119722 0.118117 0.113657 0.106453 0.0966946 0.0846357 0.07058 0.0548836 0.0379399 0.0201715 0.00202196 
0.00292655 0.0208335 0.0383904 0.0551337 0.0706236 0.0844524 0.0962542 0.105717 0.112592 0.116709 0.117983 0.116401 0.112007 0.10491 0.0952965 0.0834169 0.0695703 0.0541075 0.0374159 0.0199121 0.00203262 
0.00294808 0.0205883 0.0378833 0.0543766 0.0696344 0.0832552 0.094878 0.104196 0.110964 0.115016 0.11627 0.11471 0.110381 0.103389 0.0939189 0.082216 0.0685753 0.0533427 0.0368995 0.0196563 0.00204297 
0.00296906 0.0203465 0.0373836 0.0536304 0.0686596 0.0820753 0.0935216 0.102696 0.10936 0.113348 0.114581 0.113045 0.108779 0.10189 0.0925616 0.0810328 0.067595 0.0525892 0.0363906 0.0194042 0.00205299 
0.0029895 0.0201081 0.036891 0.0528951 0.0676989 0.0809124 0.0921849 0.101219 0.107778 0.111705 0.112918 0.111403 0.1072 0.100414 0.0912242 0.079867 0.0666292 0.0518467 0.0358892 0.0191556 0.0020627 
0.0030094 0.019873 0.0364054 0.0521703 0.0667521 0.0797664 0.0908676 0.0997624 0.10622 0.110085 0.111279 0.109786 0.105645 0.0989597 0.0899066 0.0787183 0.0656775 0.0511151 0.035395 0.0189106 0.00207211 
0.00302876 0.0196412 0.0359268 0.051456 0.0658189 0.0786369 0.0895692 0.0983272 0.104685 0.10849 0.109665 0.108193 0.104113 0.0975266 0.0886084 0.0775865 0.0647398 0.0503942 0.034908 0.0186691 0.00208121 
0.00304759 0.0194125 0.035455 0.0507519 0.0648993 0.0775238 0.0882896 0.0969129 0.103172 0.106918 0.108074 0.106624 0.102603 0.0961146 0.0873293 0.0764714 0.0638159 0.0496838 0.0344281 0.018431 0.00209 
0.00306588 0.019187 0.03499 0.050058 0.0639929 0.0764266 0.0870285 0.0955191 0.101681 0.105369 0.106507 0.105077 0.101115 0.0947234 0.0860689 0.0753726 0.0629055 0.0489838 0.0339552 0.0181962 0.00209851 
0.00308364 0.0189645 0.0345315 0.0493741 0.0630995 0.0753453 0.0857856 0.0941454 0.100212 0.103843 0.104962 0.103553 0.0996498 0.0933527 0.0848272 0.07429 0.0620086 0.0482941 0.0334892 0.0179648 0.00210671 
0.00310087 0.0187451 0.0340796 0.0486999 0.062219 0.0742796 0.0845607 0.0927917 0.0987645 0.102339 0.103441 0.102052 0.0982057 0.0920022 0.0836037 0.0732233 0.0611248 0.0476144 0.0330299 0.0177367 0.00211463 
0.00311757 0.0185286 0.0336341 0.0480355 0.0613512 0.0732292 0.0833534 0.0914577 0.0973381 0.100857 0.101942 0.100573 0.0967829 0.0906716 0.0823982 0.0721723 0.0602539 0.0469447 0.0325773 0.0175117 0.00212227 
0.00313374 0.0183151 0.0331949 0.0473805 0.0604959 0.0721939 0.0821635 0.090143 0.0959325 0.0993975 0.100465 0.0991151 0.095381 0.0893606 0.0812104 0.0711367 0.0593959 0.0462847 0.0321312 0.01729 0.00212962 
0.00314938 0.0181045 0.0327619 0.0467349 0.0596528 0.0711735 0.0809908 0.0888474 0.0945475 0.0979592 0.0990101 0.0976791 0.0939998 0.0880689 0.0800401 0.0701163 0.0585504 0.0456344 0.0316916 0.0170713 0.00213669 
0.0031645 0.0178967 0.0323351 0.0460985 0.0588219 0.0701678 0.079835 0.0875706 0.0931828 0.0965421 0.0975764 0.0962642 0.092639 0.0867962 0.0788869 0.0691109 0.0577173 0.0449936 0.0312584 0.0168558 0.00214348 
0.0031791 0.0176916 0.0319142 0.0454712 0.0580028 0.0691766 0.0786959 0.0863124 0.0918381 0.0951459 0.0961639 0.0948702 0.0912982 0.0855423 0.0777508 0.0681203 0.0568964 0.0443621 0.0308315 0.0166433 0.00215 
0.00319318 0.0174893 0.0314993 0.0448528 0.0571955 0.0681995 0.0775732 0.0850725 0.0905131 0.0937702 0.0947722 0.0934967 0.0899771 0.0843068 0.0766313 0.0671442 0.0560876 0.0437399 0.0304107 0.0164337 0.00215625 
0.00320674 0.0172897 0.0310901 0.0442432 0.0563997 0.0672365 0.0764667 0.0838506 0.0892075 0.0924148 0.0934009 0.0921435 0.0886756 0.0830895 0.0755282 0.0661825 0.0552906 0.0431267 0.0299961 0.0162271 0.00216223 
0.00321978 0.0170927 0.0306868 0.0436423 0.0556153 0.0662873 0.0753762 0.0826465 0.0879211 0.0910793 0.0920499 0.0908101 0.0873932 0.0818902 0.0744414 0.0652349 0.0545053 0.0425225 0.0295874 0.0160234 0.00216795 
0.0032323 0.0168984 0.030289 0.0430499 0.0548421 0.0653518 0.0743014 0.0814599 0.0866536 0.0897635 0.0907188 0.0894964 0.0861297 0.0807085 0.0733706 0.0643012 0.0537314 0.0419271 0.0291846 0.0158225 0.0021734 
0.00324431 0.0167065 0.0298968 0.0424659 0.0540799 0.0644296 0.0732421 0.0802906 0.0854046 0.0884671 0.0894072 0.088202 0.0848848 0.0795442 0.0723155 0.0633812 0.0529689 0.0413403 0.0287876 0.0156245 0.0021786 
0.00325581 0.0165172 0.0295101 0.0418902 0.0533286 0.0635207 0.0721981 0.0791384 0.0841741 0.0871898 0.088115 0.0869267 0.0836583 0.078397 0.0712758 0.0624747 0.0522176 0.0407621 0.0283964 0.0154292 0.00218354 
0.0032668 0.0163304 0.0291287 0.0413226 0.0525879 0.0626248 0.0711692 0.0780029 0.0829616 0.0859312 0.0868417 0.0856702 0.0824499 0.0772667 0.0702515 0.0615815 0.0514772 0.0401924 0.0280108 0.0152366 0.00218822 
0.00327729 0.0161459 0.0287526 0.040763 0.0518578 0.0617417 0.0701551 0.0768841 0.0817669 0.0846912 0.0855872 0.0844322 0.0812593 0.0761531 0.0692422 0.0607014 0.0507477 0.0396309 0.0276308 0.0150468 0.00219266 
0.00328726 0.0159639 0.0283818 0.0402113 0.0511381 0.0608713 0.0691558 0.0757815 0.0805898 0.0834695 0.0843511 0.0832124 0.0800863 0.0750558 0.0682477 0.0598343 0.0500288 0.0390776 0.0272562 0.0148596 0.00219684 
0.00329674 0.0157842 0.028016 0.0396674 0.0504286 0.0600133 0.0681708 0.074695 0.07943 0.0822657 0.0831333 0.0820106 0.0789305 0.0739747 0.0672679 0.0589798 0.0493204 0.0385324 0.026887 0.014675 0.00220078 
0.00330571 0.0156068 0.0276553 0.0391312 0.0497292 0.0591676 0.0672001 0.0736244 0.0782872 0.0810797 0.0819333 0.0808265 0.0777918 0.0729095 0.0663024 0.0581379 0.0486224 0.0379951 0.0265232 0.0144929 0.00220448 
0.00331418 0.0154317 0.0272995 0.0386024 0.0490398 0.0583341 0.0662435 0.0725695 0.0771612 0.0799111 0.080751 0.0796598 0.0766698 0.07186 0.0653512 0.0573083 0.0479346 0.0374656 0.0261645 0.0143134 0.00220795 
0.00332216 0.0152588 0.0269487 0.0380811 0.04836 0.0575125 0.0653006 0.07153 0.0760518 0.0787596 0.079586 0.0785103 0.0755644 0.0708259 0.0644139 0.0564909 0.0472568 0.0369438 0.0258111 0.0141364 0.00221117 
0.00332965 0.0150881 0.0266026 0.0375671 0.04769 0.0567026 0.0643715 0.0705057 0.0749587 0.0776251 0.0784382 0.0773777 0.0744753 0.069807 0.0634903 0.0556854 0.046589 0.0364296 0.0254627 0.0139618 0.00221417 
0.00333665 0.0149196 0.0262613 0.0370603 0.0470294 0.0559044 0.0634558 0.0694963 0.0738817 0.0765073 0.0773073 0.0762618 0.0734022 0.0688031 0.0625804 0.0548918 0.0459308 0.0359228 0.0251193 0.0137897 0.00221694 
0.00334316 0.0147532 0.0259246 0.0365606 0.0463782 0.0551176 0.0625534 0.0685017 0.0728204 0.0754059 0.0761929 0.0751624 0.0723449 0.067814 0.0616838 0.0541098 0.0452823 0.0354235 0.0247808 0.0136199 0.00221948 
0.00334918 0.0145888 0.0255925 0.0360678 0.0457361 0.054342 0.0616641 0.0675217 0.0717748 0.0743207 0.075095 0.0740791 0.0713032 0.0668394 0.0608004 0.0533392 0.0446433 0.0349313 0.0244472 0.0134525 0.00222181 
0.00335472 0.0144265 0.025265 0.0355819 0.0451032 0.0535776 0.0607876 0.066556 0.0707446 0.0732515 0.0740132 0.0730118 0.0702768 0.0658791 0.0599299 0.0525799 0.0440136 0.0344463 0.0241183 0.0132874 0.00222392 
0.00335979 0.0142662 0.0249418 0.0351028 0.0444792 0.0528241 0.0599239 0.0656045 0.0697294 0.0721979 0.0729473 0.0719602 0.0692655 0.064933 0.0590723 0.0518318 0.043393 0.0339684 0.0237942 0.0131246 0.00222581 
0.00336438 0.0141079 0.0246231 0.0346304 0.0438641 0.0520814 0.0590728 0.0646669 0.0687292 0.0711599 0.0718971 0.0709241 0.0682692 0.0640008 0.0582272 0.0510946 0.0427816 0.0334974 0.0234747 0.012964 0.00222749 
0.0033685 0.0139515 0.0243086 0.0341645 0.0432576 0.0513494 0.058234 0.063743 0.0677437 0.0701371 0.0708623 0.0699032 0.0672874 0.0630823 0.0573946 0.0503681 0.042179 0.0330332 0.0231598 0.0128057 0.00222897 
0.00337215 0.0137971 0.0239984 0.0337051 0.0426597 0.0506279 0.0574074 0.0628327 0.0667727 0.0691293 0.0698428 0.0688973 0.0663202 0.0621773 0.0565741 0.0496524 0.0415852 0.0325757 0.0228494 0.0126495 0.00223025 
0.00337533 0.0136445 0.0236923 0.0332521 0.0420703 0.0499167 0.0565928 0.0619357 0.0658158 0.0681363 0.0688382 0.0679063 0.0653671 0.0612856 0.0557657 0.048947 0.0410001 0.0321249 0.0225434 0.0124954 0.00223132 
0.00337805 0.0134937 0.0233904 0.0328053 0.0414892 0.0492158 0.0557901 0.0610519 0.0648731 0.0671578 0.0678484 0.0669299 0.0644281 0.060407 0.0549692 0.0482521 0.0404236 0.0316805 0.0222418 0.0123435 0.0022322 
0.00338031 0.0133448 0.0230925 0.0323648 0.0409163 0.0485249 0.054999 0.0601809 0.0639441 0.0661938 0.0668731 0.0659678 0.0635028 0.0595413 0.0541844 0.0475672 0.0398554 0.0312427 0.0219445 0.0121937 0.00223289 
0.00338211 0.0131977 0.0227985 0.0319303 0.0403515 0.047844 0.0542195 0.0593228 0.0630288 0.0652439 0.0659122 0.0650198 0.0625912 0.0586884 0.0534111 0.0468924 0.0392955 0.0308111 0.0216515 0.0120459 0.00223339 
0.00338347 0.0130523 0.0225085 0.0315018 0.0397947 0.0471728 0.0534513 0.0584772 0.0621269 0.0643079 0.0649655 0.0640858 0.061693 0.057848 0.0526491 0.0462275 0.0387437 0.0303858 0.0213627 0.0119001 0.0022337 
0.00338437 0.0129086 0.0222224 0.0310793 0.0392458 0.0465113 0.0526943 0.057644 0.0612383 0.0633857 0.0640326 0.0631656 0.060808 0.0570199 0.0518984 0.0455723 0.0382 0.0299666 0.0210779 0.0117563 0.00223383 
0.00338482 0.0127667 0.0219401 0.0306626 0.0387046 0.0458593 0.0519483 0.056823 0.0603626 0.062477 0.0631135 0.0622589 0.059936 0.056204 0.0511586 0.0449267 0.0376642 0.0295535 0.0207972 0.0116144 0.00223378 
0.00338484 0.0126264 0.0216615 0.0302516 0.0381711 0.0452167 0.0512132 0.056014 0.0594998 0.0615816 0.0622078 0.0613655 0.0590768 0.0554001 0.0504297 0.0442905 0.0371363 0.0291464 0.0205206 0.0114745 0.00223355 
0.00338441 0.0124877 0.0213866 0.0298463 0.0376451 0.0445834 0.0504888 0.0552168 0.0586496 0.0606994 0.0613155 0.0604852 0.0582302 0.054608 0.0497114 0.0436636 0.036616 0.0287452 0.0202478 0.0113365 0.00223315 
0.00338355 0.0123507 0.0211153 0.0294467 0.0371266 0.0439591 0.0497749 0.0544313 0.0578119 0.0598301 0.0604363 0.0596179 0.0573961 0.0538276 0.0490038 0.0430459 0.0361032 0.0283497 0.019979 0.0112004 0.00223257 
0.00338225 0.0122152 0.0208477 0.0290525 0.0366154 0.0433439 0.0490715 0.0536573 0.0569864 0.0589736 0.0595701 0.0587633 0.0565742 0.0530586 0.0483064 0.0424372 0.035598 0.02796 0.019714 0.0110661 0.00223183 
0.00338053 0.0120813 0.0205835 0.0286637 0.0361114 0.0427376 0.0483783 0.0528946 0.056173 0.0581296 0.0587165 0.0579213 0.0557644 0.0523009 0.0476193 0.0418374 0.0351001 0.0275758 0.0194527 0.0109337 0.00223092 
0.00337838 0.011949 0.0203229 0.0282803 0.0356146 0.04214 0.0476952 0.0521431 0.0553716 0.057298 0.0578755 0.0570916 0.0549664 0.0515543 0.0469423 0.0412464 0.0346094 0.0271973 0.0191952 0.010803 0.00222985 
0.00337581 0.0118181 0.0200656 0.0279022 0.0351248 0.041551 0.047022 0.0514026 0.0545818 0.0564787 0.0570469 0.0562742 0.0541802 0.0508186 0.0462752 0.040664 0.0341259 0.0268242 0.0189413 0.0106741 0.00222862 
0.00337282 0.0116888 0.0198118 0.0275293 0.034642 0.0409705 0.0463586 0.0506728 0.0538037 0.0556713 0.0562304 0.0554687 0.0534056 0.0500938 0.0456178 0.0400901 0.0336493 0.0264564 0.018691 0.010547 0.00222723 
0.00336941 0.0115609 0.0195612 0.0271616 0.034166 0.0403984 0.045705 0.0499538 0.0530369 0.0548758 0.0554259 0.0546751 0.0526423 0.0493796 0.0449701 0.0395246 0.0331798 0.026094 0.0184443 0.0104215 0.00222569 
0.0033656 0.0114345 0.019314 0.0267989 0.0336968 0.0398345 0.0450608 0.0492452 0.0522813 0.054092 0.0546333 0.0538931 0.0518902 0.0486759 0.0443319 0.0389674 0.032717 0.0257368 0.018201 0.0102978 0.002224 
0.00336138 0.0113095 0.01907 0.0264412 0.0332342 0.0392788 0.044426 0.048547 0.0515368 0.0533196 0.0538523 0.0531226 0.0511492 0.0479825 0.043703 0.0384183 0.032261 0.0253847 0.0179612 0.0101757 0.00222215 
0.00335677 0.0111858 0.0188291 0.0260884 0.0327782 0.0387312 0.0438004 0.0478589 0.0508031 0.0525586 0.0530827 0.0523634 0.050419 0.0472993 0.0430833 0.0378772 0.0318116 0.0250377 0.0177249 0.0100553 0.00222016 
